
Call:
msPGOcc(occ.formula = bbs_occobject_fullrda.occ.formula, det.formula = bbs_occobject.det.best.formula, 
    data = bbs_occobject, inits = ms.inits, priors = ms.priors, n.samples = 30000, n.omp.threads = 1, verbose = TRUE, 
    n.report = 6000, n.burn = 10000, n.thin = 50, n.chains = 3)

Samples per Chain: 30000
Burn-in: 10000
Thinning Rate: 50
Number of Chains: 3
Total Posterior Samples: 1200
Run Time (min): 53.4257

----------------------------------------
	Species Level
----------------------------------------
Occurrence (logit scale): 
                           Mean     SD    2.5%     50%   97.5%   Rhat  ESS
(Intercept)-sp1          0.2297 0.2143 -0.1832  0.2353  0.6416 1.0017 1281
(Intercept)-sp2         -4.4816 1.2950 -6.8583 -4.4924 -1.6560 1.0002  713
(Intercept)-sp3         -0.0645 0.3302 -0.6164 -0.0881  0.6609 1.0050 1200
(Intercept)-sp4          2.5165 0.7091  1.5753  2.3929  4.3574 1.0212 1200
(Intercept)-sp5         -4.2840 1.2914 -6.6265 -4.3283 -1.6509 1.0083  652
(Intercept)-sp6         -2.4472 0.5026 -3.4193 -2.4707 -1.4215 1.0102 1200
(Intercept)-sp7          2.3778 0.3732  1.7549  2.3393  3.1894 1.0062 1200
(Intercept)-sp8         -4.1359 0.8826 -5.9427 -4.1300 -2.4795 1.0001 1200
(Intercept)-sp9         -3.0740 1.2414 -5.1637 -3.1816 -0.1707 1.0177  428
(Intercept)-sp10        -3.5306 1.1448 -5.4834 -3.5985 -1.1394 1.0148  595
(Intercept)-sp11        -4.1122 1.1491 -6.4061 -4.1142 -1.7295 1.0240  897
(Intercept)-sp12        -0.1751 0.3371 -0.7924 -0.1998  0.5884 1.0049 1200
(Intercept)-sp13        -1.9122 0.6445 -3.0087 -1.9868 -0.4837 1.0015  968
(Intercept)-sp14         2.9920 0.7631  1.9049  2.8535  4.9748 1.0042  999
(Intercept)-sp15        -0.8194 0.8081 -2.0547 -0.9259  1.2101 1.0063  602
(Intercept)-sp16         1.2538 0.4312  0.5629  1.1890  2.2586 1.0009 1211
(Intercept)-sp17         1.9363 0.4211  1.2157  1.9007  2.8856 1.0066 1323
(Intercept)-sp18        -4.1715 1.3490 -6.6882 -4.2730 -1.1372 1.0043  471
(Intercept)-sp19         2.1421 0.3752  1.5187  2.1063  2.9501 1.0044 1200
(Intercept)-sp20        -5.7114 1.6105 -9.0754 -5.6465 -2.7690 1.0037  638
(Intercept)-sp21        -2.1501 0.4706 -3.0129 -2.1864 -1.1536 1.0007 1200
(Intercept)-sp22        -3.3353 0.9617 -5.2753 -3.3475 -1.4023 1.0014 1002
(Intercept)-sp23        -5.5574 1.4512 -8.6871 -5.4344 -2.8951 1.0191  728
(Intercept)-sp24        -3.5770 1.1345 -5.5178 -3.6590 -1.0743 1.0142  491
(Intercept)-sp25        -2.9626 0.7084 -4.2226 -2.9842 -1.5067 1.0104 1027
(Intercept)-sp26        -0.5907 1.4641 -2.5149 -0.9223  3.2726 1.1692  208
(Intercept)-sp27         0.1616 0.4640 -0.5146  0.1111  1.0481 1.0437  902
(Intercept)-sp28         0.0022 0.3708 -0.6218 -0.0405  0.8385 1.0100 1200
(Intercept)-sp29        -5.6607 1.4643 -8.6291 -5.5875 -2.8659 1.0051  776
(Intercept)-sp30        -0.8488 0.4134 -1.5009 -0.8872  0.0512 1.0106 1090
(Intercept)-sp31         1.1520 0.7526  0.1916  0.9782  3.1167 1.0135  867
(Intercept)-sp32        -4.1624 1.3446 -6.7508 -4.1988 -1.1803 1.0214  508
(Intercept)-sp33         0.4992 0.5483 -0.3755  0.4178  1.7515 1.0031 1069
(Intercept)-sp34        -2.3684 0.6207 -3.4126 -2.4220 -0.9908 1.0019  951
(Intercept)-sp35        -1.0565 0.2325 -1.5287 -1.0539 -0.6225 1.0021 1200
(Intercept)-sp36        -1.9554 0.4391 -2.7480 -1.9692 -1.0180 1.0050 1200
(Intercept)-sp37         2.3890 0.6652  1.4609  2.2749  3.9385 1.0008 1056
(Intercept)-sp38        -0.6399 0.6770 -1.5638 -0.7498  0.9477 1.0073  662
(Intercept)-sp39        -3.2049 0.5416 -4.2768 -3.1849 -2.1523 1.0125 1109
(Intercept)-sp40        -4.2128 0.8760 -5.9794 -4.1731 -2.5391 1.0009 1200
(Intercept)-sp41        -1.2194 0.5808 -2.0045 -1.2915  0.0363 1.0362  727
(Intercept)-sp42        -1.3238 0.2953 -1.9179 -1.3181 -0.7412 0.9996 1200
(Intercept)-sp43         2.5964 0.4304  1.8580  2.5529  3.5320 1.0114 1200
(Intercept)-sp44        -2.0068 0.3766 -2.7539 -1.9966 -1.2988 1.0025 1200
(Intercept)-sp45        -3.0509 0.3980 -3.8176 -3.0528 -2.3208 1.0081 1200
(Intercept)-sp46        -1.9654 0.9715 -3.3548 -2.1420  0.1905 1.0257  422
(Intercept)-sp47         1.9156 1.0336  0.6052  1.6745  4.5502 0.9999  595
(Intercept)-sp48        -4.2075 1.2370 -6.5072 -4.2314 -1.8210 1.0051  708
(Intercept)-sp49         0.0930 0.2168 -0.3105  0.0919  0.5387 1.0006 1200
(Intercept)-sp50        -4.3560 1.2541 -6.7814 -4.3841 -1.7533 1.0226  588
(Intercept)-sp51         1.3130 1.1321 -0.1352  1.0688  4.3463 1.0345  464
(Intercept)-sp52        -4.8601 0.9603 -6.9573 -4.7559 -3.0878 1.0053 1032
(Intercept)-sp53        -4.6385 0.7313 -6.2533 -4.5669 -3.3681 1.0048 1200
(Intercept)-sp54        -0.5634 0.7817 -1.6409 -0.6811  1.2823 1.0092  653
(Intercept)-sp55        -1.7296 0.2925 -2.3109 -1.7353 -1.1729 1.0007 1528
(Intercept)-sp56        -0.8806 0.2153 -1.3105 -0.8838 -0.4482 1.0066 1031
(Intercept)-sp57        -0.1444 0.1825 -0.5008 -0.1459  0.2126 1.0032 1437
(Intercept)-sp58        -0.1168 0.1957 -0.5116 -0.1225  0.2612 1.0030 1200
(Intercept)-sp59        -2.7942 0.5930 -3.9310 -2.7985 -1.4876 1.0052 1200
(Intercept)-sp60        -2.2586 0.4814 -3.1417 -2.2918 -1.2541 1.0082 1037
(Intercept)-sp61        -2.3743 0.8614 -3.8117 -2.4717 -0.4307 1.0048  545
(Intercept)-sp62        -1.0594 0.5256 -2.0098 -1.1219  0.1043 1.0029 1200
(Intercept)-sp63         2.6055 0.4100  1.9092  2.5630  3.4913 1.0278 1200
(Intercept)-sp64         0.6853 0.8779 -0.4903  0.4987  2.8507 1.0020  569
(Intercept)-sp65        -4.2474 1.3745 -6.8125 -4.2507 -1.2065 1.0173  356
(Intercept)-sp66        -2.0337 0.7011 -3.2348 -2.0918 -0.4704 1.0094  940
(Intercept)-sp67        -2.3477 0.5040 -3.3563 -2.3478 -1.3769 1.0059 1200
(Intercept)-sp68        -2.6695 0.3820 -3.4237 -2.6690 -1.9371 1.0004 1200
(Intercept)-sp69         1.2272 1.1982 -0.2556  0.9303  4.4077 1.0026  426
(Intercept)-sp70        -4.4751 1.3031 -7.1066 -4.4830 -1.7125 1.0144  553
(Intercept)-sp71        -5.6558 1.5240 -8.8191 -5.5916 -2.8914 1.0043  809
(Intercept)-sp72        -0.1011 0.5686 -0.9572 -0.1800  1.3967 1.0030  816
(Intercept)-sp73        -2.5607 0.5277 -3.5072 -2.5747 -1.3712 1.0182 1250
(Intercept)-sp74        -4.2759 1.1884 -6.5969 -4.2971 -1.7564 1.0007  698
(Intercept)-sp75         2.9586 0.6263  1.9957  2.8660  4.5118 1.0020 1380
(Intercept)-sp76         2.8038 0.3853  2.0872  2.7869  3.5956 1.0069 1200
(Intercept)-sp77        -2.5885 0.8379 -4.0074 -2.6654 -0.7849 1.0078  834
(Intercept)-sp78        -3.4159 1.2995 -5.3422 -3.5720 -0.5854 1.0513  283
(Intercept)-sp79         0.1391 1.5238 -1.8912 -0.1201  3.9311 1.0278  313
(Intercept)-sp80        -0.9822 1.1309 -2.5263 -1.2270  1.9575 1.0211  277
(Intercept)-sp81         1.8286 1.2809 -0.0729  1.6548  4.8128 1.0264  663
(Intercept)-sp82        -0.8803 0.2018 -1.2902 -0.8793 -0.5007 0.9997 1200
(Intercept)-sp83        -4.8638 1.0245 -6.9850 -4.8230 -2.7953 1.0009 1145
(Intercept)-sp84         0.8039 0.3739  0.1574  0.7768  1.6248 1.0182 1200
(Intercept)-sp85         0.2844 0.1880 -0.0837  0.2870  0.6548 1.0139 1200
(Intercept)-sp86        -3.4697 0.4844 -4.5166 -3.4356 -2.6151 1.0048 1200
(Intercept)-sp87        -5.6142 1.6569 -9.1027 -5.5412 -2.5908 1.0032  596
(Intercept)-sp88        -3.0210 0.5529 -4.0405 -3.0091 -1.8756 1.0062 1413
(Intercept)-sp89         3.2185 0.6463  2.2561  3.1302  4.7168 1.0069 1081
(Intercept)-sp90        -1.1334 0.9331 -2.7082 -1.2254  0.9601 1.0010  694
(Intercept)-sp91        -1.8403 0.5412 -2.7425 -1.8886 -0.5939 1.0039 1089
(Intercept)-sp92        -5.6724 1.5611 -9.2162 -5.5830 -2.8346 1.0153  644
(Intercept)-sp93        -1.8492 0.2992 -2.4242 -1.8410 -1.2819 1.0003 1200
(Intercept)-sp94         2.8600 0.9380  1.7022  2.6375  5.2764 1.0031  702
(Intercept)-sp95        -5.1057 0.9547 -7.3143 -4.9925 -3.5648 1.0278 1200
(Intercept)-sp96        -3.3629 0.5410 -4.4661 -3.3218 -2.3662 1.0000 1200
(Intercept)-sp97        -1.7711 1.5371 -3.7713 -2.1172  2.4301 1.0263  206
(Intercept)-sp98        -4.2498 0.9370 -6.0206 -4.2093 -2.4919 1.0079 1072
(Intercept)-sp99        -3.5465 1.1328 -5.6007 -3.6387 -0.9415 1.0161  429
(Intercept)-sp100        0.8210 0.2902  0.3231  0.7955  1.4890 1.0030 1200
(Intercept)-sp101       -1.6216 1.3867 -3.5677 -1.8901  2.0146 1.0272  331
(Intercept)-sp102       -1.1978 0.2653 -1.7266 -1.2015 -0.6661 1.0007 1200
(Intercept)-sp103       -1.4956 0.8139 -2.5889 -1.6202  0.3287 1.0070  451
(Intercept)-sp104       -2.9673 0.7331 -4.3900 -2.9822 -1.4023 1.0049 1200
scale(tol_rel)-sp1      -1.2218 0.2424 -1.7395 -1.2168 -0.7677 1.0151 1200
scale(tol_rel)-sp2       0.6701 0.5393 -0.3569  0.6635  1.7450 1.0102 1200
scale(tol_rel)-sp3       0.1423 0.2423 -0.3209  0.1352  0.6321 0.9992  978
scale(tol_rel)-sp4       0.2140 0.3839 -0.4802  0.1880  1.1076 1.0061 1401
scale(tol_rel)-sp5       0.2213 0.5614 -0.9363  0.2486  1.3212 1.0144 1314
scale(tol_rel)-sp6       0.2143 0.3359 -0.4696  0.2062  0.8548 1.0017 1200
scale(tol_rel)-sp7       0.5351 0.3736 -0.0891  0.5098  1.4132 1.0039 1200
scale(tol_rel)-sp8       0.2684 0.4721 -0.6797  0.2904  1.1412 1.0087 1200
scale(tol_rel)-sp9       0.8497 0.4898 -0.0923  0.8526  1.8162 0.9990 1200
scale(tol_rel)-sp10      0.3592 0.4779 -0.5978  0.3624  1.2752 1.0015 1200
scale(tol_rel)-sp11      1.0684 0.4933  0.1115  1.0427  2.0649 1.0173 1200
scale(tol_rel)-sp12      0.8702 0.2883  0.3887  0.8500  1.5090 1.0086 1379
scale(tol_rel)-sp13      0.6191 0.3706 -0.0545  0.5946  1.4113 1.0024 1200
scale(tol_rel)-sp14     -0.2318 0.4617 -1.0335 -0.2652  0.8845 1.0032 1200
scale(tol_rel)-sp15      0.3660 0.4062 -0.3268  0.3334  1.2911 1.0190 1074
scale(tol_rel)-sp16     -0.4150 0.2413 -0.9124 -0.4045  0.0495 1.0014 1200
scale(tol_rel)-sp17      0.7330 0.3647  0.1006  0.6996  1.4991 1.0023 1200
scale(tol_rel)-sp18      0.1130 0.5427 -0.9757  0.1101  1.1645 1.0039 1200
scale(tol_rel)-sp19     -0.2624 0.2772 -0.8085 -0.2596  0.2576 1.0024 1256
scale(tol_rel)-sp20      0.1843 0.5884 -0.9225  0.1722  1.4123 0.9999 1200
scale(tol_rel)-sp21     -0.0452 0.3580 -0.7842 -0.0316  0.6085 1.0062 1200
scale(tol_rel)-sp22      1.3761 0.4480  0.5147  1.3593  2.3085 0.9994 1200
scale(tol_rel)-sp23      0.1633 0.5898 -0.9697  0.1505  1.3630 1.0116 1200
scale(tol_rel)-sp24     -0.2478 0.5317 -1.3092 -0.2404  0.7539 1.0000 1200
scale(tol_rel)-sp25      0.7062 0.3672 -0.0122  0.6983  1.4422 1.0132 1103
scale(tol_rel)-sp26      0.6294 0.4488 -0.2371  0.6052  1.5807 1.0126 1200
scale(tol_rel)-sp27      0.7836 0.3232  0.2148  0.7556  1.4535 1.0012 1200
scale(tol_rel)-sp28      0.8814 0.2851  0.3752  0.8553  1.4978 1.0009 1200
scale(tol_rel)-sp29      0.1560 0.5990 -0.9869  0.1506  1.2903 1.0097 1331
scale(tol_rel)-sp30      0.2451 0.2411 -0.2089  0.2432  0.7253 1.0054 1200
scale(tol_rel)-sp31      0.0776 0.3538 -0.5233  0.0379  0.9367 1.0052 1200
scale(tol_rel)-sp32      0.2587 0.5305 -0.8404  0.2687  1.3164 1.0002 1200
scale(tol_rel)-sp33      0.8144 0.3728  0.1921  0.7836  1.6766 1.0005 1584
scale(tol_rel)-sp34      0.5793 0.3399 -0.0482  0.5639  1.2934 1.0010 1081
scale(tol_rel)-sp35      0.9192 0.2157  0.5122  0.9144  1.3962 1.0138 1200
scale(tol_rel)-sp36     -0.5253 0.3635 -1.3155 -0.5098  0.1390 1.0215 1200
scale(tol_rel)-sp37      0.1911 0.3385 -0.4464  0.1882  0.9228 1.0015 1200
scale(tol_rel)-sp38      0.4840 0.2890 -0.0502  0.4853  1.0406 1.0023 1158
scale(tol_rel)-sp39      0.8941 0.3222  0.2745  0.8917  1.5411 1.0036 1200
scale(tol_rel)-sp40      0.0977 0.5013 -0.9056  0.0964  1.0598 1.0011 1200
scale(tol_rel)-sp41     -0.4704 0.3244 -1.1514 -0.4536  0.1236 1.0073 1200
scale(tol_rel)-sp42      0.7222 0.2422  0.2707  0.7238  1.1946 0.9996 1200
scale(tol_rel)-sp43     -0.9241 0.2721 -1.4908 -0.9106 -0.4300 1.0146 1200
scale(tol_rel)-sp44      0.7629 0.2501  0.2815  0.7683  1.2421 1.0145 1083
scale(tol_rel)-sp45      0.8246 0.2938  0.2737  0.8088  1.4384 1.0002 1200
scale(tol_rel)-sp46      0.1830 0.3809 -0.5826  0.1851  0.9374 1.0007 1200
scale(tol_rel)-sp47     -0.3389 0.3803 -0.9805 -0.3701  0.5645 1.0041 1200
scale(tol_rel)-sp48      0.1885 0.5589 -0.9661  0.1802  1.3033 1.0027 1472
scale(tol_rel)-sp49      0.8247 0.2257  0.4082  0.8093  1.2755 1.0015 1200
scale(tol_rel)-sp50      0.3908 0.5404 -0.6648  0.3949  1.3775 1.0022 1200
scale(tol_rel)-sp51     -0.5716 0.4441 -1.3955 -0.6049  0.4502 1.0065 1200
scale(tol_rel)-sp52     -0.1230 0.5457 -1.2385 -0.1131  0.9031 1.0116 1076
scale(tol_rel)-sp53     -0.0952 0.5057 -1.1346 -0.1013  0.8538 1.0062 1200
scale(tol_rel)-sp54      0.2034 0.3539 -0.4624  0.1770  0.9474 1.0017 1022
scale(tol_rel)-sp55      0.1976 0.2164 -0.2037  0.1990  0.6013 1.0067 1200
scale(tol_rel)-sp56     -0.4158 0.2287 -0.8704 -0.4128  0.0175 1.0044 1308
scale(tol_rel)-sp57      0.3297 0.1782 -0.0022  0.3226  0.6871 1.0017 1213
scale(tol_rel)-sp58      0.5085 0.1956  0.1469  0.5065  0.9098 1.0001 1200
scale(tol_rel)-sp59      0.8143 0.3738  0.1221  0.7993  1.5485 1.0005 1200
scale(tol_rel)-sp60      0.0210 0.3194 -0.6359  0.0366  0.6179 1.0037 1315
scale(tol_rel)-sp61      0.2358 0.3962 -0.5310  0.2293  0.9839 1.0268 1200
scale(tol_rel)-sp62      1.0852 0.3328  0.5133  1.0592  1.7832 1.0045 1334
scale(tol_rel)-sp63      0.5976 0.3363 -0.0251  0.5871  1.3121 1.0059 1200
scale(tol_rel)-sp64      0.4182 0.4496 -0.3525  0.3769  1.4669 1.0063 1200
scale(tol_rel)-sp65     -0.1884 0.5838 -1.3856 -0.1750  0.9286 1.0024 1200
scale(tol_rel)-sp66      0.6448 0.3732 -0.0277  0.6069  1.4484 1.0054 1200
scale(tol_rel)-sp67      1.1977 0.3329  0.6106  1.1809  1.9327 1.0051 1200
scale(tol_rel)-sp68     -0.0749 0.3291 -0.7375 -0.0767  0.5407 1.0006 1200
scale(tol_rel)-sp69     -0.0414 0.4410 -0.8432 -0.0805  0.9870 1.0021 1414
scale(tol_rel)-sp70      0.7100 0.5210 -0.3095  0.7064  1.7153 1.0096 1097
scale(tol_rel)-sp71      0.2062 0.6218 -1.0101  0.2017  1.3934 1.0081 1200
scale(tol_rel)-sp72      0.3098 0.2984 -0.2339  0.2895  0.9657 1.0002 1200
scale(tol_rel)-sp73      0.3784 0.3267 -0.2386  0.3821  1.0306 1.0008 1200
scale(tol_rel)-sp74      0.2471 0.5250 -0.7823  0.2499  1.2426 0.9998 1366
scale(tol_rel)-sp75     -0.5190 0.3823 -1.2782 -0.5291  0.2551 1.0004 1200
scale(tol_rel)-sp76     -0.9363 0.2559 -1.4671 -0.9188 -0.4780 1.0005 1200
scale(tol_rel)-sp77     -0.3063 0.4419 -1.1945 -0.2938  0.5075 1.0087 1200
scale(tol_rel)-sp78      0.0721 0.5263 -0.9593  0.0722  1.1134 1.0058 1200
scale(tol_rel)-sp79      0.0837 0.5339 -0.9025  0.0505  1.2491 1.0112  876
scale(tol_rel)-sp80      0.4382 0.3684 -0.2513  0.4330  1.1912 1.0029 1389
scale(tol_rel)-sp81      0.3584 0.5348 -0.6781  0.3487  1.4633 1.0003 1200
scale(tol_rel)-sp82      0.9037 0.2026  0.5283  0.9030  1.3227 1.0058 1200
scale(tol_rel)-sp83      0.2224 0.5276 -0.9078  0.2176  1.2332 1.0006 1343
scale(tol_rel)-sp84     -0.9345 0.2628 -1.5098 -0.9323 -0.4439 1.0057 1200
scale(tol_rel)-sp85      0.9287 0.2166  0.5193  0.9220  1.3841 1.0169  819
scale(tol_rel)-sp86      0.5062 0.3403 -0.1788  0.5091  1.1439 1.0042 1062
scale(tol_rel)-sp87      0.1573 0.6157 -1.0137  0.1648  1.3801 1.0160 1200
scale(tol_rel)-sp88      1.0701 0.3299  0.4805  1.0551  1.7891 1.0025 1200
scale(tol_rel)-sp89     -0.4420 0.3835 -1.1500 -0.4492  0.4047 0.9997 1200
scale(tol_rel)-sp90      0.8537 0.4814  0.0086  0.8090  1.8649 1.0011 1200
scale(tol_rel)-sp91      0.0386 0.3136 -0.6114  0.0524  0.6203 1.0051 1105
scale(tol_rel)-sp92      0.1869 0.6227 -1.0626  0.1930  1.3383 1.0054 1192
scale(tol_rel)-sp93      0.7948 0.2329  0.3775  0.7779  1.2853 1.0007 1200
scale(tol_rel)-sp94     -0.3769 0.4409 -1.1458 -0.4104  0.6009 1.0109 1093
scale(tol_rel)-sp95      0.0207 0.5375 -1.0800  0.0216  1.0769 1.0166 1200
scale(tol_rel)-sp96      1.3165 0.3559  0.6644  1.3051  2.0354 1.0047 1304
scale(tol_rel)-sp97     -0.2881 0.4942 -1.2485 -0.2804  0.6491 1.0023 1015
scale(tol_rel)-sp98     -0.3083 0.5451 -1.3933 -0.2966  0.7248 1.0025 1200
scale(tol_rel)-sp99      0.5443 0.4869 -0.4176  0.5323  1.5016 1.0122  944
scale(tol_rel)-sp100    -0.4426 0.2151 -0.8623 -0.4398 -0.0248 1.0019 1200
scale(tol_rel)-sp101     0.1342 0.4581 -0.8494  0.1352  1.0491 1.0091 1200
scale(tol_rel)-sp102     1.1962 0.2575  0.7282  1.1864  1.7202 1.0025 1200
scale(tol_rel)-sp103    -0.4750 0.3756 -1.2608 -0.4455  0.2139 1.0080 1200
scale(tol_rel)-sp104     0.0682 0.4247 -0.8398  0.0837  0.8554 1.0130 1342
scale(svp)-sp1           0.7215 0.2515  0.2697  0.7078  1.2554 0.9999 1312
scale(svp)-sp2          -0.0214 0.4016 -0.8159 -0.0180  0.7710 1.0040 1200
scale(svp)-sp3          -0.0070 0.2184 -0.4137 -0.0170  0.4551 0.9997 1200
scale(svp)-sp4           0.0924 0.3190 -0.4821  0.0797  0.7290 1.0125 1200
scale(svp)-sp5          -0.2012 0.3864 -0.9552 -0.1925  0.5651 1.0050 1200
scale(svp)-sp6          -0.1345 0.3008 -0.7323 -0.1312  0.4937 1.0224 1066
scale(svp)-sp7          -0.4865 0.2378 -0.9777 -0.4722 -0.0467 1.0046 1200
scale(svp)-sp8          -0.1487 0.3570 -0.8422 -0.1473  0.5660 1.0021 1200
scale(svp)-sp9           0.0810 0.3622 -0.6468  0.0856  0.7575 1.0045 1308
scale(svp)-sp10         -0.2861 0.3811 -1.0807 -0.2705  0.4277 1.0002 1200
scale(svp)-sp11         -0.0780 0.3713 -0.7721 -0.0817  0.6551 1.0014 1200
scale(svp)-sp12         -0.5221 0.2464 -1.0524 -0.5047 -0.0866 1.0006 2055
scale(svp)-sp13         -0.2225 0.3097 -0.8397 -0.2149  0.3924 1.0293  939
scale(svp)-sp14          0.1061 0.3702 -0.6049  0.0953  0.8627 1.0145 1200
scale(svp)-sp15         -0.2550 0.2942 -0.8583 -0.2450  0.3101 1.0086 1200
scale(svp)-sp16          0.2341 0.3048 -0.2949  0.2040  0.9063 1.0100 1200
scale(svp)-sp17          0.0629 0.2670 -0.4362  0.0550  0.6155 0.9999 1200
scale(svp)-sp18         -0.0399 0.3972 -0.7928 -0.0552  0.7748 1.0034 1200
scale(svp)-sp19         -0.1328 0.2500 -0.6090 -0.1389  0.3603 1.0065 1200
scale(svp)-sp20         -0.0814 0.4067 -0.8762 -0.0831  0.7184 1.0002 1312
scale(svp)-sp21          0.5490 0.2818  0.0451  0.5390  1.1334 1.0082 1200
scale(svp)-sp22         -0.2263 0.3565 -0.9207 -0.2302  0.4791 1.0034 1200
scale(svp)-sp23         -0.0703 0.3891 -0.8685 -0.0631  0.6523 1.0012 1200
scale(svp)-sp24          0.1797 0.3382 -0.4941  0.1859  0.8136 1.0024 1200
scale(svp)-sp25         -0.0418 0.3418 -0.6746 -0.0409  0.6535 1.0053 1214
scale(svp)-sp26         -0.2408 0.3437 -0.8945 -0.2415  0.4828 1.0002 1200
scale(svp)-sp27          0.2105 0.2299 -0.2476  0.2106  0.6703 1.0019 1200
scale(svp)-sp28         -0.3853 0.2588 -0.9157 -0.3700  0.0767 1.0216 1200
scale(svp)-sp29         -0.1047 0.4206 -1.0104 -0.0876  0.6729 1.0195 1200
scale(svp)-sp30          0.0288 0.2430 -0.4473  0.0326  0.5172 1.0022 1200
scale(svp)-sp31         -0.2924 0.2774 -0.8057 -0.2924  0.3001 1.0016 1200
scale(svp)-sp32         -0.2070 0.3885 -0.9684 -0.1921  0.5167 0.9993 1200
scale(svp)-sp33         -0.2784 0.2647 -0.8101 -0.2732  0.2488 1.0019 1200
scale(svp)-sp34          0.0388 0.3125 -0.5833  0.0412  0.6628 1.0217 1200
scale(svp)-sp35          0.0000 0.2050 -0.4110 -0.0009  0.3798 1.0094 1200
scale(svp)-sp36          0.6698 0.2655  0.1822  0.6670  1.2008 1.0161 1073
scale(svp)-sp37          0.0702 0.3137 -0.5033  0.0664  0.7114 1.0090  935
scale(svp)-sp38          0.2720 0.2744 -0.2393  0.2706  0.8393 1.0055 1210
scale(svp)-sp39         -0.0117 0.2973 -0.5919 -0.0255  0.5805 1.0235 1200
scale(svp)-sp40         -0.1791 0.3516 -0.9216 -0.1637  0.4727 1.0030 1200
scale(svp)-sp41         -0.0709 0.2546 -0.5905 -0.0676  0.4202 1.0009 1200
scale(svp)-sp42         -0.1702 0.2358 -0.6354 -0.1710  0.2728 1.0038  870
scale(svp)-sp43          0.0131 0.3010 -0.5325  0.0042  0.6559 1.0221  911
scale(svp)-sp44         -0.6082 0.3143 -1.2475 -0.5979 -0.0345 1.0002 1200
scale(svp)-sp45         -0.2375 0.2947 -0.8309 -0.2253  0.3373 1.0085 1200
scale(svp)-sp46         -0.1075 0.3154 -0.7279 -0.0986  0.4971 1.0012 1200
scale(svp)-sp47          0.0413 0.3564 -0.6601  0.0468  0.7407 1.0125 1200
scale(svp)-sp48         -0.1339 0.3961 -0.9326 -0.1294  0.6571 1.0122 1200
scale(svp)-sp49         -0.4289 0.2037 -0.8352 -0.4336 -0.0413 1.0073 1200
scale(svp)-sp50         -0.1263 0.3860 -0.9398 -0.1358  0.6112 1.0091 1104
scale(svp)-sp51         -0.0280 0.3657 -0.7016 -0.0292  0.7089 1.0011 1200
scale(svp)-sp52         -0.2164 0.3735 -0.9853 -0.2043  0.5024 1.0015 1200
scale(svp)-sp53          0.2664 0.3328 -0.4138  0.2681  0.9360 1.0078 1200
scale(svp)-sp54         -0.5752 0.3226 -1.2564 -0.5555  0.0245 1.0012 1200
scale(svp)-sp55         -0.7885 0.2999 -1.4307 -0.7768 -0.2640 1.0082 1200
scale(svp)-sp56          0.3902 0.2010 -0.0146  0.3859  0.7809 1.0036 1318
scale(svp)-sp57         -0.3452 0.1784 -0.7128 -0.3378 -0.0198 1.0024 1200
scale(svp)-sp58         -0.1789 0.1941 -0.5625 -0.1738  0.1858 1.0026 1200
scale(svp)-sp59         -0.3479 0.3500 -1.0782 -0.3327  0.3616 1.0047 1312
scale(svp)-sp60          0.0016 0.2710 -0.5489  0.0136  0.5428 1.0144 1176
scale(svp)-sp61         -0.3603 0.3487 -1.0809 -0.3528  0.3157 0.9996 1200
scale(svp)-sp62         -0.1057 0.2717 -0.6561 -0.1034  0.4422 1.0167 1200
scale(svp)-sp63         -0.0321 0.2741 -0.5671 -0.0412  0.5334 1.0115 1200
scale(svp)-sp64         -0.1979 0.3069 -0.8045 -0.2046  0.4379 1.0062 1200
scale(svp)-sp65         -0.2227 0.3894 -0.9757 -0.2099  0.5282 1.0032 1200
scale(svp)-sp66         -0.2609 0.3269 -0.9220 -0.2624  0.3582 1.0069 1200
scale(svp)-sp67         -0.2016 0.3184 -0.8413 -0.1949  0.4318 1.0008 1200
scale(svp)-sp68          0.0724 0.2778 -0.4702  0.0650  0.6214 0.9996 1200
scale(svp)-sp69          0.1288 0.3551 -0.5205  0.1079  0.9025 1.0042 1395
scale(svp)-sp70         -0.0248 0.3914 -0.7736 -0.0431  0.7486 1.0004 1044
scale(svp)-sp71         -0.0819 0.3976 -0.8655 -0.0857  0.6861 1.0233 1200
scale(svp)-sp72         -0.3576 0.2797 -0.9200 -0.3635  0.1774 1.0033 1200
scale(svp)-sp73         -0.0906 0.2956 -0.6615 -0.0892  0.5046 1.0084 1200
scale(svp)-sp74         -0.1383 0.3915 -0.9509 -0.1304  0.5913 1.0062 1200
scale(svp)-sp75          0.0201 0.3228 -0.6015  0.0216  0.6854 1.0016 1200
scale(svp)-sp76          0.2874 0.3248 -0.3359  0.2809  0.9494 1.0191 1200
scale(svp)-sp77         -0.4789 0.3827 -1.2455 -0.4623  0.2016 1.0214 1200
scale(svp)-sp78         -0.3007 0.3928 -1.0764 -0.3006  0.4793 1.0007 1200
scale(svp)-sp79         -0.3103 0.3734 -1.0779 -0.3155  0.4704 1.0063 1200
scale(svp)-sp80         -0.2411 0.3574 -1.0021 -0.2217  0.4156 1.0104 1200
scale(svp)-sp81         -0.0419 0.3496 -0.7305 -0.0460  0.6727 1.0200 1233
scale(svp)-sp82         -0.3072 0.2187 -0.7598 -0.3072  0.1184 1.0049 1071
scale(svp)-sp83         -0.2039 0.3792 -0.9311 -0.2068  0.5193 1.0042 1200
scale(svp)-sp84          0.3501 0.2731 -0.1553  0.3382  0.9444 1.0255  850
scale(svp)-sp85         -0.2116 0.1894 -0.5881 -0.2123  0.1558 1.0034 1200
scale(svp)-sp86         -0.1494 0.3262 -0.8279 -0.1390  0.4742 1.0245 1200
scale(svp)-sp87         -0.0858 0.3940 -0.8994 -0.0946  0.7002 1.0091 1200
scale(svp)-sp88         -0.1338 0.3217 -0.7776 -0.1334  0.5070 1.0024 1200
scale(svp)-sp89          0.1402 0.3457 -0.4971  0.1246  0.8368 1.0042 1200
scale(svp)-sp90         -0.4090 0.3672 -1.1926 -0.3873  0.2899 1.0006 1200
scale(svp)-sp91          0.1889 0.2690 -0.3345  0.1906  0.7316 1.0101 1200
scale(svp)-sp92         -0.0872 0.3937 -0.8675 -0.0862  0.6952 1.0070 1200
scale(svp)-sp93         -0.4569 0.2604 -0.9852 -0.4395  0.0193 1.0081 1200
scale(svp)-sp94          0.0559 0.3539 -0.6121  0.0399  0.7735 1.0062 1200
scale(svp)-sp95         -0.1331 0.3846 -0.8946 -0.1245  0.5917 1.0029 1421
scale(svp)-sp96         -0.1038 0.3238 -0.7191 -0.1082  0.5597 0.9996 1200
scale(svp)-sp97         -0.1028 0.3377 -0.7793 -0.1160  0.6120 1.0012 1079
scale(svp)-sp98          0.3219 0.3511 -0.3445  0.3065  1.0739 0.9991 1200
scale(svp)-sp99         -0.1946 0.3908 -0.9665 -0.1881  0.5940 1.0093 1121
scale(svp)-sp100         0.1355 0.2673 -0.3459  0.1292  0.7052 1.0010 1308
scale(svp)-sp101         0.3253 0.3395 -0.3157  0.3279  0.9733 1.0064  771
scale(svp)-sp102        -0.3642 0.2499 -0.8778 -0.3589  0.0872 1.0114 1435
scale(svp)-sp103         0.2818 0.2817 -0.2480  0.2734  0.8470 1.0085 1200
scale(svp)-sp104        -0.1280 0.3375 -0.8175 -0.1179  0.5114 1.0026 1200
scale(dicot)-sp1         0.3962 0.2063  0.0170  0.3831  0.8264 1.0077 1085
scale(dicot)-sp2         0.1693 0.2638 -0.3397  0.1697  0.7100 1.0014 1200
scale(dicot)-sp3         0.1729 0.1869 -0.2049  0.1690  0.5332 1.0105 1200
scale(dicot)-sp4         0.2353 0.2597 -0.2712  0.2325  0.7815 1.0013 1200
scale(dicot)-sp5         0.2683 0.2716 -0.2395  0.2614  0.8227 1.0159 1200
scale(dicot)-sp6         0.2645 0.2315 -0.1920  0.2696  0.7001 0.9996 1381
scale(dicot)-sp7         0.0560 0.2185 -0.3753  0.0575  0.4956 1.0026 1452
scale(dicot)-sp8         0.1871 0.2677 -0.3557  0.1957  0.6884 1.0003 1200
scale(dicot)-sp9         0.1409 0.2735 -0.4328  0.1480  0.6724 1.0003 1339
scale(dicot)-sp10        0.2247 0.2560 -0.2927  0.2233  0.7143 1.0051 1491
scale(dicot)-sp11        0.1960 0.2686 -0.3507  0.2048  0.7102 1.0022 1200
scale(dicot)-sp12        0.5468 0.2174  0.1542  0.5370  1.0025 1.0041 1094
scale(dicot)-sp13        0.5527 0.2472  0.1257  0.5381  1.0658 1.0020 1200
scale(dicot)-sp14        0.2715 0.2625 -0.2164  0.2691  0.7997 1.0065 1200
scale(dicot)-sp15        0.3912 0.2452 -0.0701  0.3917  0.9060 1.0043 1200
scale(dicot)-sp16        0.3764 0.2246 -0.0547  0.3629  0.8257 1.0018 1200
scale(dicot)-sp17        0.5060 0.2590  0.0258  0.4930  1.0679 1.0117 1200
scale(dicot)-sp18        0.2756 0.2621 -0.2360  0.2788  0.8017 1.0076 1200
scale(dicot)-sp19       -0.0137 0.2376 -0.4941 -0.0141  0.4439 1.0081 1200
scale(dicot)-sp20        0.2629 0.2748 -0.2759  0.2540  0.8233 1.0069 1200
scale(dicot)-sp21        0.4057 0.2260 -0.0085  0.3938  0.8684 1.0050 1200
scale(dicot)-sp22        0.2412 0.2564 -0.2813  0.2439  0.7646 1.0109 1015
scale(dicot)-sp23        0.2577 0.2790 -0.3336  0.2730  0.7662 1.0062 1200
scale(dicot)-sp24        0.2925 0.2651 -0.2485  0.2922  0.8157 0.9995 1200
scale(dicot)-sp25        0.2592 0.2402 -0.2198  0.2706  0.7334 1.0051 1054
scale(dicot)-sp26        0.2701 0.2584 -0.2449  0.2632  0.7975 1.0021 1200
scale(dicot)-sp27        0.2491 0.2254 -0.1795  0.2449  0.6837 1.0006 1074
scale(dicot)-sp28        0.1341 0.2039 -0.2803  0.1431  0.5244 1.0010 1200
scale(dicot)-sp29        0.2704 0.2795 -0.2995  0.2686  0.8185 1.0075 1091
scale(dicot)-sp30        0.2076 0.2016 -0.1730  0.2025  0.5968 1.0053 1359
scale(dicot)-sp31        0.2237 0.2324 -0.2102  0.2136  0.6866 1.0039 1200
scale(dicot)-sp32        0.1901 0.2635 -0.3529  0.1910  0.6903 1.0086 1103
scale(dicot)-sp33       -0.0092 0.2437 -0.5254 -0.0028  0.4523 1.0156 1073
scale(dicot)-sp34        0.0618 0.2553 -0.4849  0.0701  0.5108 1.0007 1200
scale(dicot)-sp35        0.4365 0.1892  0.0760  0.4367  0.8074 1.0156 1200
scale(dicot)-sp36        0.0580 0.2344 -0.3866  0.0600  0.5263 1.0052 1200
scale(dicot)-sp37        0.2875 0.2540 -0.2178  0.2884  0.8158 1.0045 1200
scale(dicot)-sp38        0.1656 0.2289 -0.2945  0.1613  0.6125 1.0045 1080
scale(dicot)-sp39        0.4567 0.2397  0.0241  0.4467  0.9224 1.0056 1200
scale(dicot)-sp40        0.4508 0.2687 -0.0554  0.4441  1.0164 1.0024 1095
scale(dicot)-sp41        0.2815 0.2239 -0.1565  0.2802  0.7268 1.0230 1014
scale(dicot)-sp42        0.5458 0.2012  0.1780  0.5433  0.9576 1.0019 1200
scale(dicot)-sp43        0.3647 0.2311 -0.0846  0.3607  0.8134 1.0005  896
scale(dicot)-sp44        0.1996 0.2116 -0.2151  0.1996  0.6005 1.0174 1200
scale(dicot)-sp45        0.1977 0.2260 -0.2769  0.2001  0.6353 1.0038 1200
scale(dicot)-sp46        0.1085 0.2492 -0.3775  0.1105  0.5829 1.0073 1092
scale(dicot)-sp47        0.2597 0.2440 -0.2216  0.2509  0.7676 1.0092 1200
scale(dicot)-sp48        0.3117 0.2593 -0.1862  0.3091  0.8174 1.0034 1200
scale(dicot)-sp49        0.3401 0.1764 -0.0001  0.3366  0.6823 1.0061 1200
scale(dicot)-sp50        0.2757 0.2690 -0.2361  0.2770  0.8013 0.9999 1365
scale(dicot)-sp51        0.2822 0.2640 -0.2355  0.2858  0.8398 1.0039 1408
scale(dicot)-sp52        0.2989 0.2676 -0.1876  0.3050  0.8312 0.9996 1200
scale(dicot)-sp53        0.3048 0.2578 -0.2344  0.3064  0.7987 0.9998 1200
scale(dicot)-sp54        0.0975 0.2322 -0.3795  0.0984  0.5445 1.0022 1200
scale(dicot)-sp55        0.0447 0.2034 -0.3674  0.0488  0.4207 0.9997 1416
scale(dicot)-sp56        0.6740 0.2146  0.2832  0.6566  1.1425 1.0040 1036
scale(dicot)-sp57        0.0486 0.1731 -0.3127  0.0547  0.3648 1.0126 1200
scale(dicot)-sp58        0.4330 0.1717  0.1205  0.4273  0.7811 1.0016 1273
scale(dicot)-sp59        0.3460 0.2451 -0.1279  0.3446  0.8198 0.9996 1200
scale(dicot)-sp60        0.4682 0.2234  0.0442  0.4687  0.9060 1.0222 1200
scale(dicot)-sp61        0.2225 0.2471 -0.2952  0.2293  0.7121 1.0022 1102
scale(dicot)-sp62        0.3007 0.2226 -0.1380  0.3008  0.7231 1.0064 1064
scale(dicot)-sp63        0.2344 0.2351 -0.2320  0.2236  0.7195 1.0019 1200
scale(dicot)-sp64        0.2570 0.2231 -0.1691  0.2591  0.7045 1.0001 1200
scale(dicot)-sp65        0.1598 0.2809 -0.4474  0.1767  0.7196 1.0034 1200
scale(dicot)-sp66        0.3633 0.2386 -0.0881  0.3611  0.8245 1.0024 1200
scale(dicot)-sp67        0.0755 0.2448 -0.4115  0.0847  0.5230 1.0024 1054
scale(dicot)-sp68        0.2815 0.2231 -0.1407  0.2804  0.7190 1.0088 1230
scale(dicot)-sp69        0.3533 0.2552 -0.1275  0.3361  0.8413 1.0040 1200
scale(dicot)-sp70        0.2508 0.2683 -0.2909  0.2498  0.7438 1.0062 1200
scale(dicot)-sp71        0.2600 0.2769 -0.2955  0.2678  0.7955 1.0159 1200
scale(dicot)-sp72        0.1246 0.2317 -0.3331  0.1199  0.5827 1.0032 1200
scale(dicot)-sp73        0.1348 0.2347 -0.3388  0.1320  0.5807 1.0028 1200
scale(dicot)-sp74        0.2879 0.2779 -0.2606  0.2791  0.8533 1.0090 1200
scale(dicot)-sp75        0.3771 0.2535 -0.1086  0.3652  0.8879 1.0080 1047
scale(dicot)-sp76        0.4325 0.2377  0.0014  0.4287  0.9392 1.0004 1200
scale(dicot)-sp77        0.1684 0.2486 -0.3454  0.1696  0.6520 1.0045 1200
scale(dicot)-sp78        0.1720 0.2793 -0.4250  0.1745  0.6980 1.0012 1200
scale(dicot)-sp79        0.2387 0.2577 -0.2459  0.2276  0.7657 1.0007 1200
scale(dicot)-sp80       -0.0949 0.2797 -0.6622 -0.0763  0.4049 1.0019  854
scale(dicot)-sp81        0.3646 0.2801 -0.1490  0.3509  0.9454 1.0036 1200
scale(dicot)-sp82        0.0039 0.1909 -0.3885  0.0175  0.3472 1.0021 1200
scale(dicot)-sp83        0.2607 0.2641 -0.2493  0.2571  0.8097 1.0001 1200
scale(dicot)-sp84        0.3688 0.2275 -0.0704  0.3664  0.8190 1.0369 1095
scale(dicot)-sp85        0.2399 0.1652 -0.0840  0.2456  0.5600 1.0010 1200
scale(dicot)-sp86        0.1748 0.2443 -0.3074  0.1739  0.6530 1.0079 1200
scale(dicot)-sp87        0.2627 0.2661 -0.2468  0.2617  0.8131 1.0069 1106
scale(dicot)-sp88        0.1975 0.2425 -0.2869  0.1918  0.6529 1.0048 1200
scale(dicot)-sp89        0.3241 0.2605 -0.1778  0.3233  0.8628 1.0081 1200
scale(dicot)-sp90        0.2015 0.2574 -0.3153  0.1978  0.7159 1.0045 1200
scale(dicot)-sp91        0.4044 0.2261 -0.0255  0.4000  0.8546 1.0006 1200
scale(dicot)-sp92        0.2624 0.2734 -0.2870  0.2632  0.7780 1.0060 1200
scale(dicot)-sp93        0.3420 0.1962 -0.0410  0.3422  0.7298 1.0079 1537
scale(dicot)-sp94        0.3684 0.2642 -0.1351  0.3720  0.8902 1.0234 1200
scale(dicot)-sp95        0.3396 0.2686 -0.1813  0.3377  0.8778 1.0015 1200
scale(dicot)-sp96        0.1665 0.2369 -0.2913  0.1679  0.6311 1.0117 1200
scale(dicot)-sp97        0.1909 0.2633 -0.3412  0.1887  0.7197 1.0020 1338
scale(dicot)-sp98        0.2575 0.2640 -0.2497  0.2512  0.8060 1.0000 1200
scale(dicot)-sp99        0.2959 0.2583 -0.2178  0.3017  0.8334 1.0041 1169
scale(dicot)-sp100       0.3700 0.2028 -0.0358  0.3688  0.7754 1.0095 1093
scale(dicot)-sp101       0.3055 0.2465 -0.1660  0.3025  0.7968 1.0030 1200
scale(dicot)-sp102       0.1461 0.1962 -0.2420  0.1494  0.5151 1.0088 1200
scale(dicot)-sp103       0.2515 0.2382 -0.1942  0.2516  0.7395 1.0108 1130
scale(dicot)-sp104       0.4730 0.2563 -0.0134  0.4688  1.0060 1.0009 1052
scale(cyper)-sp1         0.0841 0.1835 -0.2823  0.0832  0.4458 0.9997 1200
scale(cyper)-sp2         0.0438 0.3086 -0.5540  0.0357  0.6504 0.9994 1200
scale(cyper)-sp3         0.0925 0.2065 -0.3328  0.0876  0.5217 1.0061 1381
scale(cyper)-sp4         0.0617 0.2533 -0.4174  0.0562  0.5536 1.0156 1200
scale(cyper)-sp5        -0.2401 0.3099 -0.8717 -0.2304  0.3433 1.0151 1200
scale(cyper)-sp6        -0.1045 0.2485 -0.6134 -0.0949  0.3618 1.0024 1200
scale(cyper)-sp7         0.0917 0.2153 -0.3174  0.0813  0.5166 1.0040 1200
scale(cyper)-sp8        -0.0481 0.3004 -0.6107 -0.0434  0.5621 1.0012 1069
scale(cyper)-sp9        -0.2535 0.3067 -0.8502 -0.2417  0.3437 0.9990 1352
scale(cyper)-sp10       -0.2751 0.3078 -0.9048 -0.2649  0.3050 1.0019 1152
scale(cyper)-sp11       -0.2264 0.3101 -0.8311 -0.2231  0.3601 1.0038 1200
scale(cyper)-sp12       -0.3833 0.2206 -0.8195 -0.3811  0.0616 1.0091 1333
scale(cyper)-sp13       -0.2805 0.2623 -0.8055 -0.2723  0.2411 1.0083 1200
scale(cyper)-sp14        0.0269 0.2697 -0.4909  0.0328  0.5659 1.0017 1200
scale(cyper)-sp15       -0.4826 0.2918 -1.0885 -0.4698  0.0650 1.0114 1200
scale(cyper)-sp16       -0.0589 0.2194 -0.4938 -0.0677  0.4076 1.0033 1200
scale(cyper)-sp17       -0.2290 0.2385 -0.7024 -0.2297  0.2170 1.0034 1200
scale(cyper)-sp18       -0.0466 0.2984 -0.6232 -0.0536  0.5058 1.0048 1200
scale(cyper)-sp19        0.0232 0.2335 -0.4049  0.0080  0.4858 1.0010 1200
scale(cyper)-sp20       -0.1182 0.3080 -0.7159 -0.1221  0.4885 1.0051 1094
scale(cyper)-sp21        0.0428 0.2362 -0.4281  0.0430  0.5021 1.0032 1338
scale(cyper)-sp22       -0.0932 0.2939 -0.6528 -0.0972  0.5054 1.0080 1200
scale(cyper)-sp23       -0.1202 0.3139 -0.7560 -0.1209  0.5035 1.0038 1200
scale(cyper)-sp24       -0.2263 0.2883 -0.7903 -0.2176  0.3116 1.0158 1200
scale(cyper)-sp25        0.1271 0.2698 -0.4000  0.1154  0.6739 1.0000 1200
scale(cyper)-sp26       -0.0800 0.2693 -0.6094 -0.0785  0.4557 0.9995 1200
scale(cyper)-sp27       -0.2285 0.2070 -0.6211 -0.2284  0.1848 1.0058 1200
scale(cyper)-sp28       -0.1150 0.2056 -0.5060 -0.1155  0.2922 1.0089 1200
scale(cyper)-sp29       -0.1105 0.3109 -0.6867 -0.1182  0.5385 0.9995 1200
scale(cyper)-sp30        0.0107 0.2169 -0.4010  0.0118  0.4667 1.0016 1200
scale(cyper)-sp31       -0.2773 0.2602 -0.7983 -0.2769  0.2146 1.0102 1200
scale(cyper)-sp32       -0.2188 0.3112 -0.8400 -0.2127  0.3490 1.0010 1200
scale(cyper)-sp33       -0.1470 0.2191 -0.5942 -0.1502  0.2970 1.0159 1029
scale(cyper)-sp34       -0.2009 0.2475 -0.6888 -0.2005  0.2744 1.0005 1200
scale(cyper)-sp35        0.2129 0.1958 -0.1770  0.2191  0.5971 1.0038 1363
scale(cyper)-sp36       -0.3169 0.2389 -0.8184 -0.3026  0.1195 1.0055 1200
scale(cyper)-sp37        0.0353 0.2723 -0.4903  0.0357  0.5967 1.0004 1200
scale(cyper)-sp38        0.2758 0.2489 -0.1928  0.2743  0.7970 1.0035 1200
scale(cyper)-sp39       -0.1624 0.2655 -0.6749 -0.1588  0.3616 1.0047 1200
scale(cyper)-sp40       -0.2198 0.3022 -0.8361 -0.2154  0.3557 1.0130 1286
scale(cyper)-sp41       -0.3033 0.2355 -0.7698 -0.2991  0.1578 1.0146 1200
scale(cyper)-sp42        0.5551 0.2265  0.1279  0.5510  1.0026 1.0111  938
scale(cyper)-sp43       -0.0979 0.2397 -0.5984 -0.0995  0.3702 1.0002 1200
scale(cyper)-sp44       -0.4284 0.2360 -0.9148 -0.4219  0.0042 1.0055 1200
scale(cyper)-sp45        0.2881 0.2489 -0.1612  0.2773  0.7693 1.0136 1100
scale(cyper)-sp46       -0.5050 0.3063 -1.1625 -0.4936  0.0393 1.0064 1200
scale(cyper)-sp47       -0.1422 0.2557 -0.6493 -0.1502  0.3576 1.0004 1200
scale(cyper)-sp48       -0.1886 0.2988 -0.7944 -0.1923  0.3831 1.0112 1200
scale(cyper)-sp49       -0.2218 0.1808 -0.5791 -0.2220  0.1182 1.0012 1200
scale(cyper)-sp50       -0.0646 0.3054 -0.6813 -0.0654  0.5374 1.0045 1200
scale(cyper)-sp51        0.0929 0.2640 -0.4210  0.0921  0.6216 1.0287 1200
scale(cyper)-sp52       -0.2070 0.3042 -0.8442 -0.2055  0.3881 1.0036 1200
scale(cyper)-sp53       -0.0087 0.2849 -0.5242 -0.0210  0.5594 1.0020 1200
scale(cyper)-sp54       -0.2260 0.2568 -0.7604 -0.2149  0.2555 1.0050 1085
scale(cyper)-sp55       -0.3647 0.2143 -0.8154 -0.3559  0.0253 1.0057 1200
scale(cyper)-sp56        0.0450 0.1842 -0.3171  0.0342  0.4009 1.0035 1200
scale(cyper)-sp57        0.1957 0.1744 -0.1514  0.1944  0.5290 1.0083 1200
scale(cyper)-sp58       -0.3216 0.1807 -0.6738 -0.3209  0.0430 1.0022 1200
scale(cyper)-sp59       -0.1069 0.2629 -0.6258 -0.1142  0.4011 1.0176 1200
scale(cyper)-sp60       -0.3283 0.2527 -0.8158 -0.3302  0.1462 1.0074 1200
scale(cyper)-sp61       -0.2214 0.2746 -0.7757 -0.2184  0.2840 1.0029 1200
scale(cyper)-sp62        0.0750 0.2355 -0.4006  0.0796  0.5304 1.0001 1200
scale(cyper)-sp63       -0.1840 0.2388 -0.6567 -0.1903  0.2765 1.0019 1200
scale(cyper)-sp64        0.1884 0.2685 -0.3229  0.1854  0.7269 1.0108 1200
scale(cyper)-sp65       -0.1913 0.3174 -0.8014 -0.1877  0.4461 1.0077 1200
scale(cyper)-sp66       -0.4429 0.2831 -1.0426 -0.4395  0.0542 1.0020 1200
scale(cyper)-sp67       -0.2265 0.2596 -0.7324 -0.2303  0.2855 1.0054 1200
scale(cyper)-sp68       -0.1900 0.2517 -0.7090 -0.1905  0.2769 1.0018 1200
scale(cyper)-sp69       -0.1010 0.2720 -0.6441 -0.1024  0.4483 1.0201 1200
scale(cyper)-sp70       -0.1661 0.3132 -0.8374 -0.1620  0.4113 1.0010 1200
scale(cyper)-sp71       -0.1268 0.3157 -0.7471 -0.1207  0.4789 1.0212 1200
scale(cyper)-sp72       -0.2298 0.2338 -0.6747 -0.2269  0.2169 1.0010 1200
scale(cyper)-sp73       -0.3555 0.2625 -0.8750 -0.3490  0.1307 1.0047 1200
scale(cyper)-sp74       -0.0325 0.3071 -0.6097 -0.0342  0.5692 1.0011 1200
scale(cyper)-sp75       -0.1725 0.2993 -0.7629 -0.1851  0.4848 1.0005 1200
scale(cyper)-sp76       -0.0940 0.2326 -0.5377 -0.0857  0.3534 1.0127 1085
scale(cyper)-sp77       -0.1946 0.2788 -0.7679 -0.1799  0.3344 1.0279 1340
scale(cyper)-sp78       -0.2283 0.3051 -0.8382 -0.2256  0.3634 1.0055 1200
scale(cyper)-sp79       -0.0680 0.2808 -0.6051 -0.0636  0.4574 1.0042 1200
scale(cyper)-sp80       -0.3116 0.2745 -0.8680 -0.2953  0.2018 1.0119 1200
scale(cyper)-sp81        0.0046 0.2846 -0.5593  0.0088  0.5632 1.0045 1050
scale(cyper)-sp82       -0.2423 0.1800 -0.5731 -0.2463  0.1080 1.0069 1200
scale(cyper)-sp83       -0.2385 0.3107 -0.8472 -0.2243  0.3230 1.0023 1200
scale(cyper)-sp84       -0.1458 0.2206 -0.5920 -0.1457  0.3053 1.0008 1200
scale(cyper)-sp85        0.0002 0.1718 -0.3132 -0.0029  0.3415 1.0018 1200
scale(cyper)-sp86       -0.0750 0.2626 -0.5708 -0.0799  0.4348 1.0080 1200
scale(cyper)-sp87       -0.1234 0.3123 -0.7401 -0.1182  0.4980 1.0125 1162
scale(cyper)-sp88       -0.2796 0.2706 -0.8316 -0.2667  0.2346 1.0099 1200
scale(cyper)-sp89       -0.1239 0.2651 -0.6471 -0.1208  0.3969 1.0022 1200
scale(cyper)-sp90       -0.0709 0.2733 -0.6038 -0.0735  0.4674 1.0039 1214
scale(cyper)-sp91       -0.0749 0.2346 -0.5288 -0.0796  0.3714 1.0046 1691
scale(cyper)-sp92       -0.1217 0.3143 -0.7617 -0.1040  0.4577 1.0058 1200
scale(cyper)-sp93       -0.4810 0.2320 -0.9702 -0.4652 -0.0483 1.0005 1200
scale(cyper)-sp94        0.0974 0.2733 -0.4151  0.0950  0.6427 1.0033 1200
scale(cyper)-sp95       -0.0791 0.3254 -0.7024 -0.0804  0.5700 1.0039 1200
scale(cyper)-sp96        0.0766 0.2641 -0.4304  0.0780  0.6041 1.0031 1200
scale(cyper)-sp97        0.0767 0.2942 -0.5126  0.0720  0.6835 1.0035 1200
scale(cyper)-sp98       -0.0503 0.2857 -0.6157 -0.0621  0.5208 0.9994 1200
scale(cyper)-sp99       -0.1618 0.3042 -0.7148 -0.1605  0.4479 1.0070 1200
scale(cyper)-sp100      -0.0330 0.1957 -0.4105 -0.0470  0.3593 1.0016 1200
scale(cyper)-sp101      -0.1848 0.2932 -0.7712 -0.1886  0.3982 1.0191  870
scale(cyper)-sp102      -0.2176 0.2113 -0.6389 -0.2165  0.1915 1.0022 1200
scale(cyper)-sp103      -0.0745 0.2526 -0.5738 -0.0756  0.4328 1.0096 1200
scale(cyper)-sp104      -0.4084 0.2917 -0.9999 -0.3958  0.1131 0.9990 1014
scale(small_tree)-sp1    0.0545 0.1347 -0.2140  0.0615  0.3150 1.0045 1200
scale(small_tree)-sp2    0.1438 0.1753 -0.1881  0.1386  0.4962 1.0118 1306
scale(small_tree)-sp3    0.1305 0.1392 -0.1398  0.1328  0.4155 1.0019 1200
scale(small_tree)-sp4   -0.0185 0.1710 -0.3870 -0.0064  0.3016 1.0013 1200
scale(small_tree)-sp5    0.0741 0.1811 -0.3070  0.0730  0.4122 1.0008 1200
scale(small_tree)-sp6    0.0470 0.1715 -0.3109  0.0537  0.3746 1.0085 1200
scale(small_tree)-sp7    0.1178 0.1579 -0.1905  0.1201  0.4358 1.0034 1053
scale(small_tree)-sp8    0.1644 0.1813 -0.1749  0.1594  0.5009 1.0086 1200
scale(small_tree)-sp9    0.0744 0.1741 -0.2758  0.0750  0.4113 1.0015 1287
scale(small_tree)-sp10   0.1223 0.1748 -0.2200  0.1190  0.4642 1.0103 1200
scale(small_tree)-sp11   0.0810 0.1751 -0.2766  0.0779  0.4109 1.0072 1200
scale(small_tree)-sp12   0.1239 0.1524 -0.1689  0.1244  0.4349 1.0037 1327
scale(small_tree)-sp13   0.0863 0.1646 -0.2505  0.0905  0.3954 1.0010 1200
scale(small_tree)-sp14   0.0767 0.1694 -0.2524  0.0789  0.4164 0.9997 1200
scale(small_tree)-sp15   0.0231 0.1700 -0.3197  0.0249  0.3447 1.0001 1238
scale(small_tree)-sp16   0.1311 0.1482 -0.1547  0.1262  0.4163 1.0010 1200
scale(small_tree)-sp17   0.1153 0.1681 -0.2143  0.1141  0.4527 1.0075 1200
scale(small_tree)-sp18   0.0674 0.1713 -0.2932  0.0744  0.4004 1.0085 1102
scale(small_tree)-sp19   0.2421 0.1617 -0.0669  0.2366  0.5810 1.0015 1200
scale(small_tree)-sp20   0.0779 0.1779 -0.2822  0.0795  0.4178 1.0053 1200
scale(small_tree)-sp21   0.0911 0.1652 -0.2311  0.0877  0.4160 1.0160 1200
scale(small_tree)-sp22  -0.0326 0.1836 -0.4092 -0.0292  0.3161 1.0013 1200
scale(small_tree)-sp23   0.0748 0.1733 -0.2690  0.0720  0.4132 1.0067 1200
scale(small_tree)-sp24   0.0222 0.1787 -0.3435  0.0288  0.3552 1.0089 1338
scale(small_tree)-sp25   0.1095 0.1617 -0.2073  0.1113  0.4245 1.0049 1200
scale(small_tree)-sp26   0.0517 0.1751 -0.3039  0.0525  0.3926 1.0243 1397
scale(small_tree)-sp27   0.1975 0.1572 -0.1126  0.1922  0.5022 1.0144 1200
scale(small_tree)-sp28  -0.0630 0.1591 -0.3932 -0.0639  0.2333 1.0016 1243
scale(small_tree)-sp29   0.0838 0.1812 -0.2740  0.0833  0.4481 1.0079 1200
scale(small_tree)-sp30   0.1017 0.1530 -0.2068  0.0991  0.4062 1.0117 1630
scale(small_tree)-sp31  -0.0218 0.1734 -0.3601 -0.0254  0.3227 1.0005 1305
scale(small_tree)-sp32   0.0354 0.1783 -0.3264  0.0366  0.3765 1.0056 1200
scale(small_tree)-sp33   0.1191 0.1643 -0.1876  0.1179  0.4561 1.0069 1200
scale(small_tree)-sp34   0.0778 0.1613 -0.2317  0.0777  0.4005 1.0105 1200
scale(small_tree)-sp35   0.0863 0.1366 -0.1719  0.0839  0.3652 1.0006 1200
scale(small_tree)-sp36   0.0668 0.1618 -0.2429  0.0638  0.3865 1.0100 1200
scale(small_tree)-sp37   0.0031 0.1729 -0.3660  0.0092  0.3298 1.0004 1068
scale(small_tree)-sp38   0.0806 0.1568 -0.2519  0.0854  0.3846 0.9997 1200
scale(small_tree)-sp39   0.1470 0.1596 -0.1534  0.1434  0.4511 1.0024 1437
scale(small_tree)-sp40   0.0938 0.1725 -0.2681  0.0989  0.4465 1.0041 1200
scale(small_tree)-sp41   0.0257 0.1630 -0.3117  0.0291  0.3209 1.0106 1200
scale(small_tree)-sp42   0.1431 0.1466 -0.1403  0.1422  0.4388 1.0019 1200
scale(small_tree)-sp43   0.1729 0.1517 -0.1367  0.1670  0.4891 1.0159 1200
scale(small_tree)-sp44  -0.0284 0.1482 -0.3098 -0.0297  0.2567 1.0028 1200
scale(small_tree)-sp45   0.0364 0.1534 -0.2771  0.0417  0.3341 1.0016 1200
scale(small_tree)-sp46   0.0760 0.1645 -0.2527  0.0770  0.3811 1.0055 1200
scale(small_tree)-sp47   0.0407 0.1669 -0.2909  0.0442  0.3649 1.0010 1200
scale(small_tree)-sp48   0.0611 0.1764 -0.3094  0.0674  0.3995 1.0044 1397
scale(small_tree)-sp49   0.0975 0.1324 -0.1671  0.0984  0.3582 1.0019 1200
scale(small_tree)-sp50   0.1093 0.1834 -0.2500  0.1037  0.4807 1.0058 1200
scale(small_tree)-sp51   0.1905 0.1740 -0.1400  0.1887  0.5546 1.0077 1200
scale(small_tree)-sp52   0.0905 0.1737 -0.2537  0.0834  0.4513 1.0013 1200
scale(small_tree)-sp53   0.0721 0.1829 -0.2921  0.0677  0.4520 1.0065 1200
scale(small_tree)-sp54   0.1225 0.1613 -0.1817  0.1198  0.4537 1.0406 1200
scale(small_tree)-sp55   0.0871 0.1487 -0.2056  0.0877  0.3690 1.0169 1200
scale(small_tree)-sp56   0.0043 0.1420 -0.2881  0.0084  0.2776 1.0026 1350
scale(small_tree)-sp57   0.2513 0.1334 -0.0028  0.2487  0.5216 1.0050 1200
scale(small_tree)-sp58   0.0767 0.1350 -0.1775  0.0759  0.3509 0.9995 1364
scale(small_tree)-sp59   0.1227 0.1688 -0.2033  0.1212  0.4710 1.0029 1200
scale(small_tree)-sp60   0.1183 0.1613 -0.1923  0.1162  0.4389 0.9993 1200
scale(small_tree)-sp61   0.0558 0.1681 -0.2806  0.0594  0.3793 1.0061 1200
scale(small_tree)-sp62   0.1477 0.1571 -0.1679  0.1419  0.4703 1.0041 1200
scale(small_tree)-sp63   0.0479 0.1615 -0.2529  0.0481  0.3690 1.0165 1200
scale(small_tree)-sp64   0.0567 0.1634 -0.2627  0.0657  0.3790 1.0031 1200
scale(small_tree)-sp65   0.0680 0.1857 -0.2882  0.0677  0.4384 1.0049 1200
scale(small_tree)-sp66   0.0104 0.1756 -0.3459  0.0095  0.3493 1.0096 1200
scale(small_tree)-sp67   0.0405 0.1575 -0.2713  0.0424  0.3531 0.9998 1200
scale(small_tree)-sp68   0.0490 0.1661 -0.2832  0.0473  0.3781 1.0081 1098
scale(small_tree)-sp69   0.0777 0.1622 -0.2427  0.0728  0.4020 1.0049 1200
scale(small_tree)-sp70   0.0680 0.1768 -0.2622  0.0658  0.4256 0.9998 1200
scale(small_tree)-sp71   0.0851 0.1792 -0.2660  0.0852  0.4288 1.0208 1200
scale(small_tree)-sp72  -0.0084 0.1703 -0.3381 -0.0042  0.3354 1.0014 1200
scale(small_tree)-sp73   0.0635 0.1602 -0.2566  0.0654  0.3646 1.0049  963
scale(small_tree)-sp74   0.0765 0.1839 -0.2963  0.0776  0.4136 1.0096  902
scale(small_tree)-sp75   0.0478 0.1698 -0.2855  0.0462  0.3978 1.0033 1200
scale(small_tree)-sp76  -0.0657 0.1568 -0.3956 -0.0596  0.2273 1.0095  776
scale(small_tree)-sp77   0.0736 0.1725 -0.2618  0.0656  0.4112 1.0055  944
scale(small_tree)-sp78   0.0677 0.1730 -0.2655  0.0617  0.4417 1.0059 1200
scale(small_tree)-sp79   0.1838 0.1748 -0.1406  0.1795  0.5348 1.0024 1096
scale(small_tree)-sp80   0.1290 0.1665 -0.1887  0.1167  0.4736 1.0117 1097
scale(small_tree)-sp81   0.0484 0.1869 -0.3166  0.0510  0.4148 1.0013 1090
scale(small_tree)-sp82   0.1247 0.1286 -0.1174  0.1219  0.3793 1.0051 1305
scale(small_tree)-sp83   0.0900 0.1772 -0.2543  0.0927  0.4446 1.0010 1200
scale(small_tree)-sp84   0.0686 0.1511 -0.2317  0.0655  0.3679 1.0022 1200
scale(small_tree)-sp85   0.1321 0.1318 -0.1243  0.1281  0.3794 1.0010 1200
scale(small_tree)-sp86   0.0473 0.1621 -0.2752  0.0476  0.3655 1.0101 1061
scale(small_tree)-sp87   0.0819 0.1768 -0.2705  0.0822  0.4233 1.0041 1199
scale(small_tree)-sp88   0.0560 0.1605 -0.2725  0.0596  0.3766 1.0235 1200
scale(small_tree)-sp89   0.1047 0.1700 -0.1998  0.0957  0.4585 0.9999 1200
scale(small_tree)-sp90   0.0532 0.1704 -0.2751  0.0557  0.4064 1.0016 1200
scale(small_tree)-sp91   0.1144 0.1619 -0.2017  0.1104  0.4225 1.0039 1200
scale(small_tree)-sp92   0.0717 0.1744 -0.2853  0.0733  0.3961 1.0081 1200
scale(small_tree)-sp93   0.0397 0.1469 -0.2518  0.0426  0.3222 1.0130 1320
scale(small_tree)-sp94   0.1109 0.1668 -0.2168  0.1074  0.4453 1.0050 1429
scale(small_tree)-sp95   0.0820 0.1742 -0.2489  0.0795  0.4298 1.0053 1200
scale(small_tree)-sp96   0.0188 0.1590 -0.2922  0.0237  0.3209 1.0138 1200
scale(small_tree)-sp97   0.0616 0.1688 -0.2434  0.0616  0.3983 1.0063 1084
scale(small_tree)-sp98   0.0274 0.1800 -0.3308  0.0249  0.3921 1.0068 1200
scale(small_tree)-sp99   0.0921 0.1741 -0.2688  0.0986  0.4153 1.0038 1013
scale(small_tree)-sp100  0.0015 0.1399 -0.2759  0.0022  0.2745 1.0000 1200
scale(small_tree)-sp101  0.0849 0.1767 -0.2680  0.0841  0.4244 1.0064 1085
scale(small_tree)-sp102  0.0489 0.1444 -0.2285  0.0562  0.3276 0.9994 1200
scale(small_tree)-sp103  0.0308 0.1715 -0.3380  0.0297  0.3589 1.0012 1604
scale(small_tree)-sp104  0.2061 0.1810 -0.1299  0.2004  0.5580 1.0003 1545

Detection (logit scale): 
                     Mean     SD    2.5%     50%   97.5%   Rhat  ESS
(Intercept)-sp1    0.8559 0.1486  0.5711  0.8549  1.1391 1.0140 1200
(Intercept)-sp2   -1.6803 1.0818 -3.9565 -1.6492  0.3979 1.0068  774
(Intercept)-sp3   -0.6461 0.2495 -1.1413 -0.6432 -0.1807 1.0028 1200
(Intercept)-sp4    0.0862 0.1300 -0.1676  0.0850  0.3330 1.0041 1307
(Intercept)-sp5   -1.6517 1.1396 -4.0415 -1.6429  0.5214 1.0027  789
(Intercept)-sp6   -0.9431 0.5637 -2.1131 -0.9007  0.0955 1.0162 1001
(Intercept)-sp7    0.9972 0.1221  0.7707  0.9940  1.2385 1.0070  860
(Intercept)-sp8   -0.8992 0.8954 -2.6891 -0.8669  0.7346 1.0050 1088
(Intercept)-sp9   -2.1639 0.9527 -4.1325 -2.1360 -0.4899 1.0029  568
(Intercept)-sp10  -1.9618 0.9762 -3.8732 -1.9382 -0.1065 1.0171  801
(Intercept)-sp11  -1.7960 0.9499 -3.7032 -1.7685 -0.0511 1.0121  868
(Intercept)-sp12  -0.7480 0.2115 -1.1660 -0.7515 -0.3449 1.0222  852
(Intercept)-sp13  -1.5847 0.5805 -2.7660 -1.5602 -0.5402 1.0004 1064
(Intercept)-sp14   0.0876 0.1170 -0.1466  0.0842  0.3147 1.0085 1069
(Intercept)-sp15  -1.9464 0.5013 -2.9439 -1.9444 -1.0029 1.0001  789
(Intercept)-sp16  -0.4405 0.1579 -0.7562 -0.4410 -0.1283 1.0029 1200
(Intercept)-sp17  -0.1638 0.1259 -0.4076 -0.1657  0.0934 1.0014 1200
(Intercept)-sp18  -1.7351 1.1585 -4.2388 -1.6907  0.3981 1.0039  470
(Intercept)-sp19   0.5224 0.1208  0.2966  0.5235  0.7612 0.9998 1200
(Intercept)-sp20  -1.4380 1.3105 -4.0683 -1.3998  1.1706 0.9996 1015
(Intercept)-sp21  -1.1079 0.4613 -2.0977 -1.0910 -0.2813 1.0005 1200
(Intercept)-sp22  -1.8850 0.7095 -3.2552 -1.8703 -0.5056 1.0048 1200
(Intercept)-sp23  -1.4420 1.2908 -4.0073 -1.4417  1.1058 1.0005 1029
(Intercept)-sp24  -1.8539 0.9767 -3.9591 -1.7831 -0.1373 1.0051  640
(Intercept)-sp25  -1.1766 0.6926 -2.6491 -1.1348  0.0618 1.0092 1066
(Intercept)-sp26  -2.5041 0.6795 -3.7769 -2.5154 -1.1256 1.0789  347
(Intercept)-sp27  -1.0045 0.2272 -1.4335 -1.0029 -0.5603 1.0143 1095
(Intercept)-sp28  -0.8075 0.2222 -1.2364 -0.8065 -0.3888 1.0153 1200
(Intercept)-sp29  -1.3859 1.2721 -3.8946 -1.4326  1.0705 1.0028  992
(Intercept)-sp30  -0.9369 0.3519 -1.6873 -0.9265 -0.3096 1.0080 1015
(Intercept)-sp31  -0.9411 0.2192 -1.3546 -0.9394 -0.5165 1.0046 1069
(Intercept)-sp32  -1.8339 1.1710 -4.2336 -1.8234  0.4930 1.0105  575
(Intercept)-sp33  -1.2356 0.2438 -1.7179 -1.2323 -0.7655 0.9990 1200
(Intercept)-sp34  -1.1689 0.6426 -2.5406 -1.1361  0.0137 1.0025 1028
(Intercept)-sp35   0.0690 0.2104 -0.3490  0.0724  0.4741 1.0136  974
(Intercept)-sp36  -0.9067 0.3953 -1.6960 -0.8906 -0.1585 1.0088 1200
(Intercept)-sp37  -0.0506 0.1334 -0.3112 -0.0490  0.2104 0.9992 1200
(Intercept)-sp38  -1.4470 0.4047 -2.2694 -1.4296 -0.7186 1.0035  870
(Intercept)-sp39  -0.4259 0.5170 -1.5464 -0.4235  0.5727 1.0038 1381
(Intercept)-sp40  -0.8028 0.9109 -2.7117 -0.7894  0.9283 1.0128 1200
(Intercept)-sp41  -1.1770 0.4620 -2.1495 -1.1562 -0.3199 1.0172  885
(Intercept)-sp42  -0.5106 0.2612 -1.0487 -0.4902 -0.0459 0.9999 1200
(Intercept)-sp43   1.0331 0.1223  0.8052  1.0250  1.2693 1.0424 1200
(Intercept)-sp44  -0.5281 0.3421 -1.2287 -0.5265  0.1446 1.0038 1200
(Intercept)-sp45   0.7412 0.3972 -0.0174  0.7342  1.4963 1.0017 2673
(Intercept)-sp46  -1.8095 0.7331 -3.3606 -1.7371 -0.5433 1.0045  629
(Intercept)-sp47  -1.0946 0.1917 -1.4573 -1.0999 -0.7150 1.0035  968
(Intercept)-sp48  -1.8320 1.0549 -4.0314 -1.7836  0.1305 1.0036  841
(Intercept)-sp49   0.1453 0.1616 -0.1657  0.1419  0.4571 1.0039 1318
(Intercept)-sp50  -1.5930 1.1909 -4.1783 -1.5151  0.4943 1.0243  703
(Intercept)-sp51  -1.8215 0.2668 -2.2992 -1.8303 -1.2858 1.0337  844
(Intercept)-sp52  -0.4965 0.9868 -2.4380 -0.4534  1.3482 1.0028 1200
(Intercept)-sp53   0.4861 0.8077 -1.1280  0.5282  1.9260 1.0040 1200
(Intercept)-sp54  -1.7819 0.4350 -2.5936 -1.7881 -0.9359 1.0046  792
(Intercept)-sp55  -0.2879 0.2938 -0.8772 -0.2866  0.2690 1.0007 1200
(Intercept)-sp56   0.1743 0.1990 -0.2247  0.1791  0.5526 1.0090 1200
(Intercept)-sp57   0.4696 0.1582  0.1633  0.4669  0.7716 1.0013 1266
(Intercept)-sp58   0.0818 0.1708 -0.2602  0.0756  0.4212 1.0052 1200
(Intercept)-sp59  -1.0453 0.6136 -2.2869 -1.0078  0.0688 0.9999 1200
(Intercept)-sp60  -0.9400 0.5136 -2.0078 -0.9096 -0.0361 1.0013 1011
(Intercept)-sp61  -1.7359 0.7859 -3.3455 -1.6909 -0.3597 1.0031  814
(Intercept)-sp62  -1.3730 0.3681 -2.0711 -1.3741 -0.6674 1.0053 1200
(Intercept)-sp63   0.8344 0.1191  0.5972  0.8311  1.0709 1.0017 1200
(Intercept)-sp64  -1.6065 0.3053 -2.1755 -1.6071 -0.9734 1.0042  910
(Intercept)-sp65  -1.6832 1.1421 -4.2563 -1.6343  0.2550 1.0323  488
(Intercept)-sp66  -1.5844 0.6047 -2.7914 -1.5544 -0.4731 1.0101 1000
(Intercept)-sp67  -1.0778 0.4220 -1.8805 -1.0781 -0.2480 1.0020 1604
(Intercept)-sp68  -0.2175 0.4368 -1.1273 -0.2156  0.5808 1.0148 1200
(Intercept)-sp69  -1.7939 0.2926 -2.2978 -1.8102 -1.1660 1.0082  641
(Intercept)-sp70  -1.6809 1.0879 -3.9140 -1.6493  0.2856 1.0167  723
(Intercept)-sp71  -1.4131 1.3189 -3.9484 -1.3748  1.1866 1.0129 1021
(Intercept)-sp72  -1.2820 0.3193 -1.9175 -1.2700 -0.6775 1.0029  831
(Intercept)-sp73  -0.8425 0.5527 -2.0342 -0.8117  0.1539 1.0151 1053
(Intercept)-sp74  -1.6912 1.0299 -3.7721 -1.6668  0.2901 0.9998 1092
(Intercept)-sp75   0.3580 0.1095  0.1533  0.3580  0.5727 1.0065 1337
(Intercept)-sp76   0.9842 0.1144  0.7577  0.9844  1.2140 1.0289 1200
(Intercept)-sp77  -1.7817 0.7618 -3.3543 -1.7806 -0.3696 1.0035  998
(Intercept)-sp78  -1.8682 1.0688 -4.2040 -1.7956  0.0074 1.0131  390
(Intercept)-sp79  -2.6582 0.6272 -3.7285 -2.7091 -1.3702 1.0173  304
(Intercept)-sp80  -2.2143 0.6450 -3.5314 -2.1812 -0.9582 1.0070  490
(Intercept)-sp81  -2.4333 0.2846 -2.9329 -2.4539 -1.8577 1.0373  902
(Intercept)-sp82   0.5903 0.1916  0.2026  0.5902  0.9475 1.0089 1200
(Intercept)-sp83  -0.5067 1.0106 -2.7329 -0.4332  1.3259 1.0015 1349
(Intercept)-sp84  -0.5856 0.1716 -0.9223 -0.5863 -0.2433 1.0057 1399
(Intercept)-sp85   0.8693 0.1460  0.5956  0.8656  1.1601 1.0009 1314
(Intercept)-sp86   0.3463 0.5693 -0.7250  0.3509  1.4224 0.9998 1200
(Intercept)-sp87  -1.4823 1.2862 -4.0232 -1.4338  1.0263 1.0003  727
(Intercept)-sp88  -0.7958 0.5272 -1.8733 -0.7727  0.1861 1.0165 1236
(Intercept)-sp89   0.6432 0.1151  0.4151  0.6407  0.8744 0.9996 1200
(Intercept)-sp90  -2.3918 0.6017 -3.4430 -2.4210 -1.1466 1.0011  713
(Intercept)-sp91  -1.2335 0.5002 -2.2542 -1.2252 -0.2688 1.0012 1097
(Intercept)-sp92  -1.4301 1.2677 -3.7279 -1.4512  1.1068 1.0044 1082
(Intercept)-sp93  -0.0566 0.2810 -0.6227 -0.0449  0.4646 1.0090 1075
(Intercept)-sp94  -0.2897 0.1229 -0.5224 -0.2893 -0.0426 1.0067 1200
(Intercept)-sp95   0.2124 1.0107 -1.7504  0.2203  2.2180 1.0018 1378
(Intercept)-sp96  -0.2279 0.4518 -1.1178 -0.2333  0.6310 1.0007 1200
(Intercept)-sp97  -2.3577 1.0260 -4.4212 -2.2277 -0.5249 1.0094  244
(Intercept)-sp98  -0.8831 0.9195 -2.7630 -0.8524  0.8266 1.0072 1200
(Intercept)-sp99  -1.9487 0.9762 -4.0137 -1.9041 -0.1195 1.0112  758
(Intercept)-sp100 -0.2238 0.1542 -0.5331 -0.2192  0.0651 1.0025 1200
(Intercept)-sp101 -2.4308 0.8660 -4.1375 -2.3516 -0.8437 1.0150  439
(Intercept)-sp102 -0.0747 0.2196 -0.5273 -0.0810  0.3536 0.9998 1200
(Intercept)-sp103 -1.5489 0.5486 -2.7126 -1.5004 -0.6033 1.0109  783
(Intercept)-sp104 -1.3813 0.7168 -2.8310 -1.3521 -0.1828 0.9999 1200
scale(day)-sp1     0.1026 0.1255 -0.1482  0.1016  0.3477 1.0017 1132
scale(day)-sp2     0.1481 0.1864 -0.2255  0.1487  0.5221 1.0051 2082
scale(day)-sp3     0.2722 0.1209  0.0325  0.2709  0.5067 1.0000 1200
scale(day)-sp4     0.1227 0.0935 -0.0691  0.1233  0.2949 1.0032 1200
scale(day)-sp5     0.1463 0.1946 -0.2306  0.1425  0.5125 1.0000 1200
scale(day)-sp6     0.2530 0.1843 -0.1141  0.2557  0.6110 1.0068 1200
scale(day)-sp7     0.2043 0.1010  0.0104  0.2035  0.3985 1.0121 1200
scale(day)-sp8     0.1518 0.1954 -0.2041  0.1541  0.5291 1.0057 1257
scale(day)-sp9     0.2032 0.1915 -0.1609  0.2044  0.5966 1.0031 1200
scale(day)-sp10    0.1967 0.1866 -0.1656  0.1999  0.5562 1.0033 1418
scale(day)-sp11    0.1580 0.1848 -0.2137  0.1575  0.5207 1.0013 1200
scale(day)-sp12    0.0867 0.1257 -0.1536  0.0859  0.3362 1.0000 1200
scale(day)-sp13    0.0642 0.1660 -0.2617  0.0644  0.3993 1.0084 1200
scale(day)-sp14    0.0711 0.0904 -0.1141  0.0703  0.2438 1.0065 1200
scale(day)-sp15    0.1686 0.1431 -0.1267  0.1689  0.4499 1.0020 1200
scale(day)-sp16   -0.0333 0.1140 -0.2539 -0.0344  0.1970 1.0036 1200
scale(day)-sp17    0.3680 0.0978  0.1782  0.3705  0.5592 1.0000 1200
scale(day)-sp18    0.1632 0.1950 -0.2171  0.1741  0.5375 0.9993 1320
scale(day)-sp19    0.0654 0.0953 -0.1140  0.0640  0.2530 1.0000 1200
scale(day)-sp20    0.1712 0.1931 -0.2263  0.1730  0.5382 1.0121 1200
scale(day)-sp21    0.1818 0.1735 -0.1647  0.1838  0.5091 1.0024 1200
scale(day)-sp22    0.1338 0.1802 -0.2210  0.1362  0.4843 0.9997 1200
scale(day)-sp23    0.1548 0.1937 -0.2259  0.1531  0.5481 1.0031 1200
scale(day)-sp24    0.1621 0.1894 -0.1965  0.1606  0.5382 1.0186 1418
scale(day)-sp25    0.1574 0.1840 -0.1982  0.1609  0.5044 1.0119 1200
scale(day)-sp26    0.0535 0.1704 -0.3054  0.0578  0.3745 1.0014 1399
scale(day)-sp27    0.4408 0.1380  0.1845  0.4434  0.7262 1.0004 1200
scale(day)-sp28    0.2093 0.1282 -0.0382  0.2082  0.4662 1.0180 1200
scale(day)-sp29    0.1657 0.1951 -0.2362  0.1645  0.5388 1.0055 1200
scale(day)-sp30    0.2249 0.1437 -0.0687  0.2260  0.4971 1.0059 1200
scale(day)-sp31    0.0713 0.1091 -0.1406  0.0673  0.2809 1.0048 1200
scale(day)-sp32    0.1672 0.1905 -0.2114  0.1697  0.5544 1.0028 1200
scale(day)-sp33    0.3879 0.1238  0.1570  0.3868  0.6386 1.0038 1200
scale(day)-sp34    0.2160 0.1767 -0.1251  0.2158  0.5579 0.9997 1200
scale(day)-sp35    0.1235 0.1422 -0.1657  0.1253  0.4012 1.0042 1200
scale(day)-sp36    0.0273 0.1809 -0.3346  0.0317  0.3641 1.0253 1200
scale(day)-sp37    0.3470 0.0957  0.1574  0.3475  0.5397 1.0099 1200
scale(day)-sp38    0.1486 0.1557 -0.1311  0.1421  0.4661 1.0031 1200
scale(day)-sp39    0.0667 0.1789 -0.2974  0.0679  0.4033 1.0131 1460
scale(day)-sp40    0.1259 0.2009 -0.2905  0.1370  0.5066 1.0065 1390
scale(day)-sp41   -0.0711 0.1822 -0.4337 -0.0646  0.2845 1.0021 1200
scale(day)-sp42    0.1596 0.1501 -0.1362  0.1611  0.4602 1.0123 1200
scale(day)-sp43    0.3650 0.1063  0.1659  0.3668  0.5759 1.0237 1200
scale(day)-sp44    0.0412 0.1599 -0.3012  0.0475  0.3342 0.9993 1269
scale(day)-sp45    0.1501 0.1888 -0.2282  0.1541  0.5210 1.0122 1200
scale(day)-sp46    0.0894 0.1810 -0.2791  0.0946  0.4308 1.0060 1200
scale(day)-sp47    0.0881 0.1045 -0.1139  0.0853  0.2973 1.0035 1343
scale(day)-sp48    0.1762 0.1900 -0.1962  0.1805  0.5506 1.0095 1200
scale(day)-sp49    0.1497 0.1137 -0.0669  0.1499  0.3709 1.0043 1200
scale(day)-sp50    0.1501 0.1891 -0.2233  0.1492  0.5222 1.0023 1200
scale(day)-sp51    0.0724 0.1223 -0.1721  0.0758  0.3086 1.0186 1081
scale(day)-sp52    0.1231 0.1939 -0.2923  0.1273  0.4831 1.0012 1200
scale(day)-sp53    0.1121 0.2000 -0.2666  0.1130  0.5004 1.0031 1200
scale(day)-sp54    0.1895 0.1422 -0.0854  0.1929  0.4671 1.0015 1200
scale(day)-sp55    0.0502 0.1457 -0.2330  0.0534  0.3349 1.0010 1081
scale(day)-sp56    0.0684 0.1475 -0.2430  0.0736  0.3521 1.0040 1200
scale(day)-sp57   -0.0599 0.1309 -0.3242 -0.0584  0.1883 1.0004 1200
scale(day)-sp58    0.2065 0.1249 -0.0332  0.2070  0.4631 0.9998 1200
scale(day)-sp59    0.0600 0.1795 -0.3259  0.0618  0.3916 1.0006 1200
scale(day)-sp60    0.1254 0.1759 -0.2270  0.1221  0.4790 0.9997 1320
scale(day)-sp61    0.1913 0.1757 -0.1602  0.1926  0.5378 1.0012 1058
scale(day)-sp62    0.1652 0.1615 -0.1400  0.1656  0.5103 1.0008 1200
scale(day)-sp63    0.2742 0.1006  0.0760  0.2740  0.4788 1.0065 1200
scale(day)-sp64    0.2164 0.1220 -0.0086  0.2139  0.4679 1.0089 1202
scale(day)-sp65    0.1433 0.1843 -0.2473  0.1446  0.5019 1.0040 1099
scale(day)-sp66    0.0736 0.1641 -0.2589  0.0755  0.3889 1.0013 1200
scale(day)-sp67    0.2455 0.1751 -0.0781  0.2365  0.5999 1.0034 1200
scale(day)-sp68    0.1446 0.1860 -0.2413  0.1438  0.4982 0.9998 1200
scale(day)-sp69    0.1742 0.1271 -0.0623  0.1698  0.4337 1.0192 1178
scale(day)-sp70    0.1572 0.1847 -0.1816  0.1577  0.5212 1.0068 1200
scale(day)-sp71    0.1713 0.1897 -0.2228  0.1684  0.5644 1.0060 1200
scale(day)-sp72    0.1945 0.1314 -0.0470  0.1909  0.4561 1.0099 1200
scale(day)-sp73    0.0809 0.1704 -0.2760  0.0862  0.4034 1.0076  982
scale(day)-sp74    0.1572 0.1919 -0.2344  0.1560  0.5011 1.0033 1200
scale(day)-sp75    0.3016 0.0928  0.1138  0.3019  0.4839 1.0018 1076
scale(day)-sp76    0.0857 0.0983 -0.1015  0.0849  0.2857 1.0040 1200
scale(day)-sp77    0.2426 0.1777 -0.1131  0.2382  0.5880 1.0034 1621
scale(day)-sp78    0.1367 0.1888 -0.2219  0.1336  0.5122 1.0062 1200
scale(day)-sp79    0.0343 0.1661 -0.2966  0.0379  0.3347 1.0045 1200
scale(day)-sp80    0.2849 0.1673 -0.0447  0.2829  0.6090 0.9998 1200
scale(day)-sp81    0.3799 0.1376  0.1136  0.3745  0.6541 1.0087 1200
scale(day)-sp82    0.2452 0.1381 -0.0285  0.2415  0.5276 1.0099 1200
scale(day)-sp83    0.1200 0.1844 -0.2180  0.1166  0.4687 1.0028 1200
scale(day)-sp84    0.0415 0.1094 -0.1657  0.0374  0.2559 1.0059 1200
scale(day)-sp85    0.1996 0.1178 -0.0399  0.1964  0.4334 1.0037 1200
scale(day)-sp86    0.1783 0.1800 -0.1826  0.1796  0.5423 1.0078  797
scale(day)-sp87    0.1517 0.1959 -0.2280  0.1566  0.5295 1.0011 1200
scale(day)-sp88    0.1595 0.1795 -0.1912  0.1611  0.5162 1.0034 1200
scale(day)-sp89    0.3879 0.0954  0.2078  0.3868  0.5791 1.0047 1200
scale(day)-sp90    0.0627 0.1724 -0.2666  0.0682  0.3897 1.0060 1086
scale(day)-sp91    0.2092 0.1625 -0.1016  0.2109  0.5347 1.0104  819
scale(day)-sp92    0.1539 0.1884 -0.2225  0.1546  0.5086 1.0065 1200
scale(day)-sp93    0.2417 0.1610 -0.0600  0.2418  0.5737 1.0137 1200
scale(day)-sp94    0.1494 0.0913 -0.0282  0.1469  0.3241 0.9995 1200
scale(day)-sp95    0.2345 0.1965 -0.1545  0.2309  0.6171 1.0043  804
scale(day)-sp96    0.0748 0.1901 -0.3042  0.0796  0.4539 1.0014 1200
scale(day)-sp97    0.1169 0.1791 -0.2328  0.1168  0.4706 1.0033 1200
scale(day)-sp98    0.1113 0.1891 -0.2744  0.1163  0.4693 1.0044 1816
scale(day)-sp99    0.1783 0.1899 -0.1823  0.1819  0.5590 1.0044 1200
scale(day)-sp100   0.1850 0.1067 -0.0192  0.1869  0.3836 1.0014 1135
scale(day)-sp101   0.1826 0.1731 -0.1626  0.1919  0.5015 1.0004 1323
scale(day)-sp102   0.1546 0.1392 -0.1175  0.1574  0.4285 1.0011 1200
scale(day)-sp103   0.2122 0.1698 -0.1199  0.2129  0.5537 1.0051 1617
scale(day)-sp104   0.1028 0.1808 -0.2828  0.1112  0.4482 1.0062 1200
                     Mean     SD    2.5%     50%   97.5%   Rhat  ESS
(Intercept)-sp1    0.8559 0.1486  0.5711  0.8549  1.1391 1.0140 1200
(Intercept)-sp2   -1.6803 1.0818 -3.9565 -1.6492  0.3979 1.0068  774
(Intercept)-sp3   -0.6461 0.2495 -1.1413 -0.6432 -0.1807 1.0028 1200
(Intercept)-sp4    0.0862 0.1300 -0.1676  0.0850  0.3330 1.0041 1307
(Intercept)-sp5   -1.6517 1.1396 -4.0415 -1.6429  0.5214 1.0027  789
(Intercept)-sp6   -0.9431 0.5637 -2.1131 -0.9007  0.0955 1.0162 1001
(Intercept)-sp7    0.9972 0.1221  0.7707  0.9940  1.2385 1.0070  860
(Intercept)-sp8   -0.8992 0.8954 -2.6891 -0.8669  0.7346 1.0050 1088
(Intercept)-sp9   -2.1639 0.9527 -4.1325 -2.1360 -0.4899 1.0029  568
(Intercept)-sp10  -1.9618 0.9762 -3.8732 -1.9382 -0.1065 1.0171  801
(Intercept)-sp11  -1.7960 0.9499 -3.7032 -1.7685 -0.0511 1.0121  868
(Intercept)-sp12  -0.7480 0.2115 -1.1660 -0.7515 -0.3449 1.0222  852
(Intercept)-sp13  -1.5847 0.5805 -2.7660 -1.5602 -0.5402 1.0004 1064
(Intercept)-sp14   0.0876 0.1170 -0.1466  0.0842  0.3147 1.0085 1069
(Intercept)-sp15  -1.9464 0.5013 -2.9439 -1.9444 -1.0029 1.0001  789
(Intercept)-sp16  -0.4405 0.1579 -0.7562 -0.4410 -0.1283 1.0029 1200
(Intercept)-sp17  -0.1638 0.1259 -0.4076 -0.1657  0.0934 1.0014 1200
(Intercept)-sp18  -1.7351 1.1585 -4.2388 -1.6907  0.3981 1.0039  470
(Intercept)-sp19   0.5224 0.1208  0.2966  0.5235  0.7612 0.9998 1200
(Intercept)-sp20  -1.4380 1.3105 -4.0683 -1.3998  1.1706 0.9996 1015
(Intercept)-sp21  -1.1079 0.4613 -2.0977 -1.0910 -0.2813 1.0005 1200
(Intercept)-sp22  -1.8850 0.7095 -3.2552 -1.8703 -0.5056 1.0048 1200
(Intercept)-sp23  -1.4420 1.2908 -4.0073 -1.4417  1.1058 1.0005 1029
(Intercept)-sp24  -1.8539 0.9767 -3.9591 -1.7831 -0.1373 1.0051  640
(Intercept)-sp25  -1.1766 0.6926 -2.6491 -1.1348  0.0618 1.0092 1066
(Intercept)-sp26  -2.5041 0.6795 -3.7769 -2.5154 -1.1256 1.0789  347
(Intercept)-sp27  -1.0045 0.2272 -1.4335 -1.0029 -0.5603 1.0143 1095
(Intercept)-sp28  -0.8075 0.2222 -1.2364 -0.8065 -0.3888 1.0153 1200
(Intercept)-sp29  -1.3859 1.2721 -3.8946 -1.4326  1.0705 1.0028  992
(Intercept)-sp30  -0.9369 0.3519 -1.6873 -0.9265 -0.3096 1.0080 1015
(Intercept)-sp31  -0.9411 0.2192 -1.3546 -0.9394 -0.5165 1.0046 1069
(Intercept)-sp32  -1.8339 1.1710 -4.2336 -1.8234  0.4930 1.0105  575
(Intercept)-sp33  -1.2356 0.2438 -1.7179 -1.2323 -0.7655 0.9990 1200
(Intercept)-sp34  -1.1689 0.6426 -2.5406 -1.1361  0.0137 1.0025 1028
(Intercept)-sp35   0.0690 0.2104 -0.3490  0.0724  0.4741 1.0136  974
(Intercept)-sp36  -0.9067 0.3953 -1.6960 -0.8906 -0.1585 1.0088 1200
(Intercept)-sp37  -0.0506 0.1334 -0.3112 -0.0490  0.2104 0.9992 1200
(Intercept)-sp38  -1.4470 0.4047 -2.2694 -1.4296 -0.7186 1.0035  870
(Intercept)-sp39  -0.4259 0.5170 -1.5464 -0.4235  0.5727 1.0038 1381
(Intercept)-sp40  -0.8028 0.9109 -2.7117 -0.7894  0.9283 1.0128 1200
(Intercept)-sp41  -1.1770 0.4620 -2.1495 -1.1562 -0.3199 1.0172  885
(Intercept)-sp42  -0.5106 0.2612 -1.0487 -0.4902 -0.0459 0.9999 1200
(Intercept)-sp43   1.0331 0.1223  0.8052  1.0250  1.2693 1.0424 1200
(Intercept)-sp44  -0.5281 0.3421 -1.2287 -0.5265  0.1446 1.0038 1200
(Intercept)-sp45   0.7412 0.3972 -0.0174  0.7342  1.4963 1.0017 2673
(Intercept)-sp46  -1.8095 0.7331 -3.3606 -1.7371 -0.5433 1.0045  629
(Intercept)-sp47  -1.0946 0.1917 -1.4573 -1.0999 -0.7150 1.0035  968
(Intercept)-sp48  -1.8320 1.0549 -4.0314 -1.7836  0.1305 1.0036  841
(Intercept)-sp49   0.1453 0.1616 -0.1657  0.1419  0.4571 1.0039 1318
(Intercept)-sp50  -1.5930 1.1909 -4.1783 -1.5151  0.4943 1.0243  703
(Intercept)-sp51  -1.8215 0.2668 -2.2992 -1.8303 -1.2858 1.0337  844
(Intercept)-sp52  -0.4965 0.9868 -2.4380 -0.4534  1.3482 1.0028 1200
(Intercept)-sp53   0.4861 0.8077 -1.1280  0.5282  1.9260 1.0040 1200
(Intercept)-sp54  -1.7819 0.4350 -2.5936 -1.7881 -0.9359 1.0046  792
(Intercept)-sp55  -0.2879 0.2938 -0.8772 -0.2866  0.2690 1.0007 1200
(Intercept)-sp56   0.1743 0.1990 -0.2247  0.1791  0.5526 1.0090 1200
(Intercept)-sp57   0.4696 0.1582  0.1633  0.4669  0.7716 1.0013 1266
(Intercept)-sp58   0.0818 0.1708 -0.2602  0.0756  0.4212 1.0052 1200
(Intercept)-sp59  -1.0453 0.6136 -2.2869 -1.0078  0.0688 0.9999 1200
(Intercept)-sp60  -0.9400 0.5136 -2.0078 -0.9096 -0.0361 1.0013 1011
(Intercept)-sp61  -1.7359 0.7859 -3.3455 -1.6909 -0.3597 1.0031  814
(Intercept)-sp62  -1.3730 0.3681 -2.0711 -1.3741 -0.6674 1.0053 1200
(Intercept)-sp63   0.8344 0.1191  0.5972  0.8311  1.0709 1.0017 1200
(Intercept)-sp64  -1.6065 0.3053 -2.1755 -1.6071 -0.9734 1.0042  910
(Intercept)-sp65  -1.6832 1.1421 -4.2563 -1.6343  0.2550 1.0323  488
(Intercept)-sp66  -1.5844 0.6047 -2.7914 -1.5544 -0.4731 1.0101 1000
(Intercept)-sp67  -1.0778 0.4220 -1.8805 -1.0781 -0.2480 1.0020 1604
(Intercept)-sp68  -0.2175 0.4368 -1.1273 -0.2156  0.5808 1.0148 1200
(Intercept)-sp69  -1.7939 0.2926 -2.2978 -1.8102 -1.1660 1.0082  641
(Intercept)-sp70  -1.6809 1.0879 -3.9140 -1.6493  0.2856 1.0167  723
(Intercept)-sp71  -1.4131 1.3189 -3.9484 -1.3748  1.1866 1.0129 1021
(Intercept)-sp72  -1.2820 0.3193 -1.9175 -1.2700 -0.6775 1.0029  831
(Intercept)-sp73  -0.8425 0.5527 -2.0342 -0.8117  0.1539 1.0151 1053
(Intercept)-sp74  -1.6912 1.0299 -3.7721 -1.6668  0.2901 0.9998 1092
(Intercept)-sp75   0.3580 0.1095  0.1533  0.3580  0.5727 1.0065 1337
(Intercept)-sp76   0.9842 0.1144  0.7577  0.9844  1.2140 1.0289 1200
(Intercept)-sp77  -1.7817 0.7618 -3.3543 -1.7806 -0.3696 1.0035  998
(Intercept)-sp78  -1.8682 1.0688 -4.2040 -1.7956  0.0074 1.0131  390
(Intercept)-sp79  -2.6582 0.6272 -3.7285 -2.7091 -1.3702 1.0173  304
(Intercept)-sp80  -2.2143 0.6450 -3.5314 -2.1812 -0.9582 1.0070  490
(Intercept)-sp81  -2.4333 0.2846 -2.9329 -2.4539 -1.8577 1.0373  902
(Intercept)-sp82   0.5903 0.1916  0.2026  0.5902  0.9475 1.0089 1200
(Intercept)-sp83  -0.5067 1.0106 -2.7329 -0.4332  1.3259 1.0015 1349
(Intercept)-sp84  -0.5856 0.1716 -0.9223 -0.5863 -0.2433 1.0057 1399
(Intercept)-sp85   0.8693 0.1460  0.5956  0.8656  1.1601 1.0009 1314
(Intercept)-sp86   0.3463 0.5693 -0.7250  0.3509  1.4224 0.9998 1200
(Intercept)-sp87  -1.4823 1.2862 -4.0232 -1.4338  1.0263 1.0003  727
(Intercept)-sp88  -0.7958 0.5272 -1.8733 -0.7727  0.1861 1.0165 1236
(Intercept)-sp89   0.6432 0.1151  0.4151  0.6407  0.8744 0.9996 1200
(Intercept)-sp90  -2.3918 0.6017 -3.4430 -2.4210 -1.1466 1.0011  713
(Intercept)-sp91  -1.2335 0.5002 -2.2542 -1.2252 -0.2688 1.0012 1097
(Intercept)-sp92  -1.4301 1.2677 -3.7279 -1.4512  1.1068 1.0044 1082
(Intercept)-sp93  -0.0566 0.2810 -0.6227 -0.0449  0.4646 1.0090 1075
(Intercept)-sp94  -0.2897 0.1229 -0.5224 -0.2893 -0.0426 1.0067 1200
(Intercept)-sp95   0.2124 1.0107 -1.7504  0.2203  2.2180 1.0018 1378
(Intercept)-sp96  -0.2279 0.4518 -1.1178 -0.2333  0.6310 1.0007 1200
(Intercept)-sp97  -2.3577 1.0260 -4.4212 -2.2277 -0.5249 1.0094  244
(Intercept)-sp98  -0.8831 0.9195 -2.7630 -0.8524  0.8266 1.0072 1200
(Intercept)-sp99  -1.9487 0.9762 -4.0137 -1.9041 -0.1195 1.0112  758
(Intercept)-sp100 -0.2238 0.1542 -0.5331 -0.2192  0.0651 1.0025 1200
(Intercept)-sp101 -2.4308 0.8660 -4.1375 -2.3516 -0.8437 1.0150  439
(Intercept)-sp102 -0.0747 0.2196 -0.5273 -0.0810  0.3536 0.9998 1200
(Intercept)-sp103 -1.5489 0.5486 -2.7126 -1.5004 -0.6033 1.0109  783
(Intercept)-sp104 -1.3813 0.7168 -2.8310 -1.3521 -0.1828 0.9999 1200
scale(day)-sp1     0.1026 0.1255 -0.1482  0.1016  0.3477 1.0017 1132
scale(day)-sp2     0.1481 0.1864 -0.2255  0.1487  0.5221 1.0051 2082
scale(day)-sp3     0.2722 0.1209  0.0325  0.2709  0.5067 1.0000 1200
scale(day)-sp4     0.1227 0.0935 -0.0691  0.1233  0.2949 1.0032 1200
scale(day)-sp5     0.1463 0.1946 -0.2306  0.1425  0.5125 1.0000 1200
scale(day)-sp6     0.2530 0.1843 -0.1141  0.2557  0.6110 1.0068 1200
scale(day)-sp7     0.2043 0.1010  0.0104  0.2035  0.3985 1.0121 1200
scale(day)-sp8     0.1518 0.1954 -0.2041  0.1541  0.5291 1.0057 1257
scale(day)-sp9     0.2032 0.1915 -0.1609  0.2044  0.5966 1.0031 1200
scale(day)-sp10    0.1967 0.1866 -0.1656  0.1999  0.5562 1.0033 1418
scale(day)-sp11    0.1580 0.1848 -0.2137  0.1575  0.5207 1.0013 1200
scale(day)-sp12    0.0867 0.1257 -0.1536  0.0859  0.3362 1.0000 1200
scale(day)-sp13    0.0642 0.1660 -0.2617  0.0644  0.3993 1.0084 1200
scale(day)-sp14    0.0711 0.0904 -0.1141  0.0703  0.2438 1.0065 1200
scale(day)-sp15    0.1686 0.1431 -0.1267  0.1689  0.4499 1.0020 1200
scale(day)-sp16   -0.0333 0.1140 -0.2539 -0.0344  0.1970 1.0036 1200
scale(day)-sp17    0.3680 0.0978  0.1782  0.3705  0.5592 1.0000 1200
scale(day)-sp18    0.1632 0.1950 -0.2171  0.1741  0.5375 0.9993 1320
scale(day)-sp19    0.0654 0.0953 -0.1140  0.0640  0.2530 1.0000 1200
scale(day)-sp20    0.1712 0.1931 -0.2263  0.1730  0.5382 1.0121 1200
scale(day)-sp21    0.1818 0.1735 -0.1647  0.1838  0.5091 1.0024 1200
scale(day)-sp22    0.1338 0.1802 -0.2210  0.1362  0.4843 0.9997 1200
scale(day)-sp23    0.1548 0.1937 -0.2259  0.1531  0.5481 1.0031 1200
scale(day)-sp24    0.1621 0.1894 -0.1965  0.1606  0.5382 1.0186 1418
scale(day)-sp25    0.1574 0.1840 -0.1982  0.1609  0.5044 1.0119 1200
scale(day)-sp26    0.0535 0.1704 -0.3054  0.0578  0.3745 1.0014 1399
scale(day)-sp27    0.4408 0.1380  0.1845  0.4434  0.7262 1.0004 1200
scale(day)-sp28    0.2093 0.1282 -0.0382  0.2082  0.4662 1.0180 1200
scale(day)-sp29    0.1657 0.1951 -0.2362  0.1645  0.5388 1.0055 1200
scale(day)-sp30    0.2249 0.1437 -0.0687  0.2260  0.4971 1.0059 1200
scale(day)-sp31    0.0713 0.1091 -0.1406  0.0673  0.2809 1.0048 1200
scale(day)-sp32    0.1672 0.1905 -0.2114  0.1697  0.5544 1.0028 1200
scale(day)-sp33    0.3879 0.1238  0.1570  0.3868  0.6386 1.0038 1200
scale(day)-sp34    0.2160 0.1767 -0.1251  0.2158  0.5579 0.9997 1200
scale(day)-sp35    0.1235 0.1422 -0.1657  0.1253  0.4012 1.0042 1200
scale(day)-sp36    0.0273 0.1809 -0.3346  0.0317  0.3641 1.0253 1200
scale(day)-sp37    0.3470 0.0957  0.1574  0.3475  0.5397 1.0099 1200
scale(day)-sp38    0.1486 0.1557 -0.1311  0.1421  0.4661 1.0031 1200
scale(day)-sp39    0.0667 0.1789 -0.2974  0.0679  0.4033 1.0131 1460
scale(day)-sp40    0.1259 0.2009 -0.2905  0.1370  0.5066 1.0065 1390
scale(day)-sp41   -0.0711 0.1822 -0.4337 -0.0646  0.2845 1.0021 1200
scale(day)-sp42    0.1596 0.1501 -0.1362  0.1611  0.4602 1.0123 1200
scale(day)-sp43    0.3650 0.1063  0.1659  0.3668  0.5759 1.0237 1200
scale(day)-sp44    0.0412 0.1599 -0.3012  0.0475  0.3342 0.9993 1269
scale(day)-sp45    0.1501 0.1888 -0.2282  0.1541  0.5210 1.0122 1200
scale(day)-sp46    0.0894 0.1810 -0.2791  0.0946  0.4308 1.0060 1200
scale(day)-sp47    0.0881 0.1045 -0.1139  0.0853  0.2973 1.0035 1343
scale(day)-sp48    0.1762 0.1900 -0.1962  0.1805  0.5506 1.0095 1200
scale(day)-sp49    0.1497 0.1137 -0.0669  0.1499  0.3709 1.0043 1200
scale(day)-sp50    0.1501 0.1891 -0.2233  0.1492  0.5222 1.0023 1200
scale(day)-sp51    0.0724 0.1223 -0.1721  0.0758  0.3086 1.0186 1081
scale(day)-sp52    0.1231 0.1939 -0.2923  0.1273  0.4831 1.0012 1200
scale(day)-sp53    0.1121 0.2000 -0.2666  0.1130  0.5004 1.0031 1200
scale(day)-sp54    0.1895 0.1422 -0.0854  0.1929  0.4671 1.0015 1200
scale(day)-sp55    0.0502 0.1457 -0.2330  0.0534  0.3349 1.0010 1081
scale(day)-sp56    0.0684 0.1475 -0.2430  0.0736  0.3521 1.0040 1200
scale(day)-sp57   -0.0599 0.1309 -0.3242 -0.0584  0.1883 1.0004 1200
scale(day)-sp58    0.2065 0.1249 -0.0332  0.2070  0.4631 0.9998 1200
scale(day)-sp59    0.0600 0.1795 -0.3259  0.0618  0.3916 1.0006 1200
scale(day)-sp60    0.1254 0.1759 -0.2270  0.1221  0.4790 0.9997 1320
scale(day)-sp61    0.1913 0.1757 -0.1602  0.1926  0.5378 1.0012 1058
scale(day)-sp62    0.1652 0.1615 -0.1400  0.1656  0.5103 1.0008 1200
scale(day)-sp63    0.2742 0.1006  0.0760  0.2740  0.4788 1.0065 1200
scale(day)-sp64    0.2164 0.1220 -0.0086  0.2139  0.4679 1.0089 1202
scale(day)-sp65    0.1433 0.1843 -0.2473  0.1446  0.5019 1.0040 1099
scale(day)-sp66    0.0736 0.1641 -0.2589  0.0755  0.3889 1.0013 1200
scale(day)-sp67    0.2455 0.1751 -0.0781  0.2365  0.5999 1.0034 1200
scale(day)-sp68    0.1446 0.1860 -0.2413  0.1438  0.4982 0.9998 1200
scale(day)-sp69    0.1742 0.1271 -0.0623  0.1698  0.4337 1.0192 1178
scale(day)-sp70    0.1572 0.1847 -0.1816  0.1577  0.5212 1.0068 1200
scale(day)-sp71    0.1713 0.1897 -0.2228  0.1684  0.5644 1.0060 1200
scale(day)-sp72    0.1945 0.1314 -0.0470  0.1909  0.4561 1.0099 1200
scale(day)-sp73    0.0809 0.1704 -0.2760  0.0862  0.4034 1.0076  982
scale(day)-sp74    0.1572 0.1919 -0.2344  0.1560  0.5011 1.0033 1200
scale(day)-sp75    0.3016 0.0928  0.1138  0.3019  0.4839 1.0018 1076
scale(day)-sp76    0.0857 0.0983 -0.1015  0.0849  0.2857 1.0040 1200
scale(day)-sp77    0.2426 0.1777 -0.1131  0.2382  0.5880 1.0034 1621
scale(day)-sp78    0.1367 0.1888 -0.2219  0.1336  0.5122 1.0062 1200
scale(day)-sp79    0.0343 0.1661 -0.2966  0.0379  0.3347 1.0045 1200
scale(day)-sp80    0.2849 0.1673 -0.0447  0.2829  0.6090 0.9998 1200
scale(day)-sp81    0.3799 0.1376  0.1136  0.3745  0.6541 1.0087 1200
scale(day)-sp82    0.2452 0.1381 -0.0285  0.2415  0.5276 1.0099 1200
scale(day)-sp83    0.1200 0.1844 -0.2180  0.1166  0.4687 1.0028 1200
scale(day)-sp84    0.0415 0.1094 -0.1657  0.0374  0.2559 1.0059 1200
scale(day)-sp85    0.1996 0.1178 -0.0399  0.1964  0.4334 1.0037 1200
scale(day)-sp86    0.1783 0.1800 -0.1826  0.1796  0.5423 1.0078  797
scale(day)-sp87    0.1517 0.1959 -0.2280  0.1566  0.5295 1.0011 1200
scale(day)-sp88    0.1595 0.1795 -0.1912  0.1611  0.5162 1.0034 1200
scale(day)-sp89    0.3879 0.0954  0.2078  0.3868  0.5791 1.0047 1200
scale(day)-sp90    0.0627 0.1724 -0.2666  0.0682  0.3897 1.0060 1086
scale(day)-sp91    0.2092 0.1625 -0.1016  0.2109  0.5347 1.0104  819
scale(day)-sp92    0.1539 0.1884 -0.2225  0.1546  0.5086 1.0065 1200
scale(day)-sp93    0.2417 0.1610 -0.0600  0.2418  0.5737 1.0137 1200
scale(day)-sp94    0.1494 0.0913 -0.0282  0.1469  0.3241 0.9995 1200
scale(day)-sp95    0.2345 0.1965 -0.1545  0.2309  0.6171 1.0043  804
scale(day)-sp96    0.0748 0.1901 -0.3042  0.0796  0.4539 1.0014 1200
scale(day)-sp97    0.1169 0.1791 -0.2328  0.1168  0.4706 1.0033 1200
scale(day)-sp98    0.1113 0.1891 -0.2744  0.1163  0.4693 1.0044 1816
scale(day)-sp99    0.1783 0.1899 -0.1823  0.1819  0.5590 1.0044 1200
scale(day)-sp100   0.1850 0.1067 -0.0192  0.1869  0.3836 1.0014 1135
scale(day)-sp101   0.1826 0.1731 -0.1626  0.1919  0.5015 1.0004 1323
scale(day)-sp102   0.1546 0.1392 -0.1175  0.1574  0.4285 1.0011 1200
scale(day)-sp103   0.2122 0.1698 -0.1199  0.2129  0.5537 1.0051 1617
scale(day)-sp104   0.1028 0.1808 -0.2828  0.1112  0.4482 1.0062 1200
