
Call:
msPGOcc(occ.formula = bbs_occobject_global.occ.formula, det.formula = bbs_occobject.det.best.formula, data = bbs_occobject, 
    inits = ms.inits, priors = ms.priors, n.samples = 30000, n.omp.threads = 1, verbose = TRUE, n.report = 6000, 
    n.burn = 10000, n.thin = 50, n.chains = 3)

Samples per Chain: 30000
Burn-in: 10000
Thinning Rate: 50
Number of Chains: 3
Total Posterior Samples: 1200
Run Time (min): 56.5753

----------------------------------------
	Species Level
----------------------------------------
Occurrence (logit scale): 
                           Mean     SD    2.5%     50%   97.5%   Rhat  ESS
(Intercept)-sp1          0.2340 0.2189 -0.1936  0.2263  0.6652 1.0000 1200
(Intercept)-sp2         -4.6154 1.2222 -7.0511 -4.6699 -2.1794 1.0076  794
(Intercept)-sp3         -0.0006 0.3910 -0.6121 -0.0505  0.9042 1.0243 1200
(Intercept)-sp4          2.6936 0.8529  1.6175  2.5289  4.8081 1.0026  862
(Intercept)-sp5         -4.4353 1.3088 -6.8580 -4.4972 -1.9547 1.0133  557
(Intercept)-sp6         -2.4841 0.5525 -3.4860 -2.5436 -1.3104 1.0089 1200
(Intercept)-sp7          2.4787 0.3953  1.8250  2.4325  3.3823 1.0028 1060
(Intercept)-sp8         -4.1978 0.9036 -5.9506 -4.1849 -2.3962 1.0038  941
(Intercept)-sp9         -3.2363 1.2162 -5.3244 -3.3502 -0.3969 1.0342  521
(Intercept)-sp10        -3.6512 1.1352 -5.6987 -3.7054 -1.2386 1.0080  617
(Intercept)-sp11        -4.2125 1.2134 -6.4725 -4.2291 -1.6513 1.0031  777
(Intercept)-sp12        -0.1700 0.3474 -0.7735 -0.1887  0.6107 1.0052 1200
(Intercept)-sp13        -1.8638 0.7451 -3.0358 -1.9710 -0.2046 1.0006  784
(Intercept)-sp14         3.1328 0.8145  1.9918  2.9961  5.1309 1.0032  904
(Intercept)-sp15        -0.9584 0.8347 -2.2092 -1.0724  0.9935 1.0167  692
(Intercept)-sp16         1.3498 0.4611  0.6351  1.2916  2.3720 1.0241 1200
(Intercept)-sp17         2.0201 0.4701  1.2236  1.9563  3.0685 1.0064 1200
(Intercept)-sp18        -4.2735 1.2975 -6.8127 -4.3253 -1.5128 1.0136  627
(Intercept)-sp19         2.2398 0.3895  1.6337  2.1909  3.1552 1.0017 1200
(Intercept)-sp20        -5.7820 1.6136 -9.0744 -5.6978 -2.6350 1.0039  711
(Intercept)-sp21        -2.2527 0.5140 -3.1811 -2.2674 -1.0675 1.0230  848
(Intercept)-sp22        -3.4277 0.9623 -5.2997 -3.4529 -1.5567 1.0059  925
(Intercept)-sp23        -5.7915 1.6251 -9.2141 -5.6925 -2.9118 1.0302  629
(Intercept)-sp24        -3.7298 1.1294 -5.8219 -3.7773 -1.1904 1.0036  477
(Intercept)-sp25        -2.9899 0.7912 -4.3474 -3.0606 -1.2803 1.0175  637
(Intercept)-sp26        -0.7118 1.3703 -2.6242 -0.9781  2.8594 1.0479  328
(Intercept)-sp27         0.1433 0.4059 -0.5532  0.1170  1.0327 1.0172 1134
(Intercept)-sp28        -0.1525 0.3303 -0.7738 -0.1668  0.5337 1.0094 1200
(Intercept)-sp29        -5.8379 1.5697 -9.3620 -5.7413 -3.0339 1.0210  683
(Intercept)-sp30        -0.7889 0.4604 -1.4935 -0.8463  0.3563 1.0065 1200
(Intercept)-sp31         1.1735 0.7033  0.2084  1.0528  2.9209 1.0057  743
(Intercept)-sp32        -4.3270 1.3238 -6.9050 -4.3184 -1.6162 1.0091  534
(Intercept)-sp33         0.3782 0.4638 -0.4308  0.3539  1.3987 1.0059 1424
(Intercept)-sp34        -2.3554 0.6747 -3.4389 -2.4410 -0.6215 1.0091 1084
(Intercept)-sp35        -1.1664 0.2481 -1.6332 -1.1675 -0.6921 1.0096 1200
(Intercept)-sp36        -2.0001 0.4388 -2.8216 -2.0218 -1.0838 1.0020 1309
(Intercept)-sp37         2.4885 0.7364  1.5419  2.3499  4.2868 1.0254  927
(Intercept)-sp38        -0.6301 0.6177 -1.5838 -0.6968  0.7618 1.0236  959
(Intercept)-sp39        -3.2708 0.5131 -4.3102 -3.2560 -2.3405 1.0075 1200
(Intercept)-sp40        -4.2675 0.9014 -6.0429 -4.2885 -2.5616 1.0125 1018
(Intercept)-sp41        -1.3365 0.4940 -2.1418 -1.3823 -0.2197 0.9996 1200
(Intercept)-sp42        -1.3633 0.3171 -1.9795 -1.3733 -0.7191 1.0053 1392
(Intercept)-sp43         2.6790 0.4316  1.9619  2.6278  3.6219 1.0023 1200
(Intercept)-sp44        -2.0715 0.3652 -2.7766 -2.0797 -1.3748 1.0139 1403
(Intercept)-sp45        -3.2115 0.4084 -4.0221 -3.2029 -2.4672 1.0153 1200
(Intercept)-sp46        -1.9644 0.9871 -3.4305 -2.0844  0.5928 1.0164  466
(Intercept)-sp47         2.1668 1.1977  0.7160  1.8397  5.3658 1.0393  446
(Intercept)-sp48        -4.2320 1.4847 -6.9028 -4.3288 -0.8751 1.0422  375
(Intercept)-sp49         0.0940 0.2271 -0.3244  0.0865  0.5830 1.0058 1200
(Intercept)-sp50        -4.3484 1.3112 -6.8034 -4.4094 -1.4477 1.0012  655
(Intercept)-sp51         1.0511 0.9566 -0.1954  0.8555  3.4640 1.0286  516
(Intercept)-sp52        -5.0533 1.0386 -7.2435 -5.0236 -3.2127 1.0140 1069
(Intercept)-sp53        -4.7893 0.7420 -6.4398 -4.7193 -3.4954 1.0011 1084
(Intercept)-sp54        -0.4395 0.8902 -1.6495 -0.6052  1.8106 1.0204  628
(Intercept)-sp55        -1.7705 0.3165 -2.3783 -1.7736 -1.1674 1.0046 1311
(Intercept)-sp56        -0.8936 0.2216 -1.3101 -0.8984 -0.4576 1.0076 1200
(Intercept)-sp57        -0.1521 0.1789 -0.4930 -0.1495  0.1892 1.0116 1200
(Intercept)-sp58        -0.1185 0.2077 -0.5105 -0.1196  0.3230 1.0047 1318
(Intercept)-sp59        -2.9777 0.6070 -4.1287 -2.9659 -1.7107 1.0116 1200
(Intercept)-sp60        -2.3514 0.5046 -3.2456 -2.3921 -1.2431 1.0108 1200
(Intercept)-sp61        -2.2053 1.1945 -3.8810 -2.4349  0.9046 1.0732  327
(Intercept)-sp62        -1.1253 0.5098 -2.0139 -1.1690 -0.0237 1.0128 1336
(Intercept)-sp63         2.6612 0.4154  1.9569  2.6112  3.5935 1.0042 1301
(Intercept)-sp64         1.1312 1.1987 -0.4418  0.8662  4.4485 1.0076  489
(Intercept)-sp65        -4.3980 1.1616 -6.6943 -4.4150 -1.9764 1.0175  907
(Intercept)-sp66        -2.0908 0.7159 -3.3175 -2.1448 -0.4619 1.0146 1083
(Intercept)-sp67        -2.5441 0.5165 -3.5647 -2.5497 -1.5591 1.0069 1200
(Intercept)-sp68        -2.7411 0.3799 -3.4950 -2.7534 -1.9963 1.0017 1064
(Intercept)-sp69         1.3278 1.2478 -0.2932  1.0140  4.5003 1.0028  486
(Intercept)-sp70        -4.6182 1.2931 -7.0651 -4.6342 -1.9387 1.0184  720
(Intercept)-sp71        -5.7645 1.6389 -9.2771 -5.6859 -2.7333 1.0081  602
(Intercept)-sp72        -0.0306 0.6400 -0.9290 -0.1319  1.4403 1.0027  873
(Intercept)-sp73        -2.5974 0.6158 -3.5624 -2.6476 -1.3133 1.0347  455
(Intercept)-sp74        -4.3215 1.3994 -6.8785 -4.3605 -1.1349 1.0129  532
(Intercept)-sp75         3.1006 0.6479  2.0785  3.0266  4.5694 1.0042 1200
(Intercept)-sp76         2.8748 0.4073  2.1383  2.8528  3.7559 1.0032 1787
(Intercept)-sp77        -2.6122 0.9408 -4.1141 -2.7150 -0.5804 1.0135  471
(Intercept)-sp78        -3.6747 1.0935 -5.7871 -3.7102 -1.4484 1.0108  660
(Intercept)-sp79         0.0300 1.3537 -2.1209 -0.1729  3.1940 1.0002  345
(Intercept)-sp80        -0.6877 1.2705 -2.5205 -0.9232  2.6374 1.0338  302
(Intercept)-sp81         2.0525 1.3900  0.0207  1.8108  5.4609 1.0240  537
(Intercept)-sp82        -0.9361 0.2133 -1.3488 -0.9352 -0.5358 1.0001 1200
(Intercept)-sp83        -5.0307 1.0235 -7.3205 -4.9593 -3.0331 1.0052  742
(Intercept)-sp84         0.8502 0.3790  0.2052  0.8272  1.6605 1.0004 1492
(Intercept)-sp85         0.2887 0.1933 -0.0885  0.2832  0.6764 1.0001 1200
(Intercept)-sp86        -3.6221 0.5157 -4.7225 -3.5944 -2.6902 1.0117 1200
(Intercept)-sp87        -5.8243 1.6636 -9.3059 -5.7092 -2.7516 1.0055  602
(Intercept)-sp88        -3.1204 0.5826 -4.2638 -3.1219 -1.8977 1.0001 1200
(Intercept)-sp89         3.1935 0.5845  2.3261  3.1203  4.6245 0.9999 1200
(Intercept)-sp90        -1.0948 1.0513 -2.8063 -1.2164  1.1005 1.0027  707
(Intercept)-sp91        -1.8523 0.5756 -2.8320 -1.9106 -0.5464 1.0029 1090
(Intercept)-sp92        -5.7647 1.5659 -9.0737 -5.6851 -2.8961 1.0137  598
(Intercept)-sp93        -1.9453 0.2904 -2.5138 -1.9416 -1.4033 1.0027 1200
(Intercept)-sp94         2.8798 0.8356  1.7510  2.7197  4.9774 1.0048  864
(Intercept)-sp95        -5.2500 1.0075 -7.6011 -5.1533 -3.5704 1.0095  992
(Intercept)-sp96        -3.4582 0.5255 -4.5493 -3.4413 -2.5009 1.0077 1200
(Intercept)-sp97        -1.8149 1.6397 -3.9060 -2.2459  2.6282 1.0049  206
(Intercept)-sp98        -4.3014 0.9510 -6.3181 -4.2587 -2.3570 0.9997  922
(Intercept)-sp99        -3.7399 1.1144 -5.8403 -3.7944 -1.4504 1.0005  683
(Intercept)-sp100        0.9300 0.3428  0.3574  0.8951  1.6910 1.0018 1200
(Intercept)-sp101       -1.6815 1.2099 -3.5389 -1.8751  1.2776 1.0222  414
(Intercept)-sp102       -1.2739 0.2780 -1.8247 -1.2696 -0.7158 1.0239 1200
(Intercept)-sp103       -1.5295 0.7001 -2.6394 -1.6010 -0.0648 1.0498  516
(Intercept)-sp104       -3.0110 0.8095 -4.3727 -3.0940 -1.1220 1.0923  463
scale(tol_rel)-sp1      -1.2670 0.2554 -1.8211 -1.2630 -0.7882 1.0136 1200
scale(tol_rel)-sp2       0.5414 0.5286 -0.4509  0.5323  1.6032 1.0112 1200
scale(tol_rel)-sp3       0.0961 0.2708 -0.3874  0.0920  0.6551 1.0005 1039
scale(tol_rel)-sp4       0.1545 0.4167 -0.6296  0.1276  1.0502 1.0052 1200
scale(tol_rel)-sp5       0.1516 0.5274 -0.9475  0.1592  1.1174 1.0018 1255
scale(tol_rel)-sp6       0.1130 0.3549 -0.5931  0.1215  0.8155 1.0029 1200
scale(tol_rel)-sp7       0.4606 0.3775 -0.1892  0.4344  1.2588 1.0069 1200
scale(tol_rel)-sp8       0.1691 0.4676 -0.7714  0.1614  1.0896 1.0007 1200
scale(tol_rel)-sp9       0.6826 0.4796 -0.2426  0.6697  1.6775 1.0246 1088
scale(tol_rel)-sp10      0.2742 0.4664 -0.6259  0.2699  1.1750 1.0046 1200
scale(tol_rel)-sp11      0.8884 0.5075 -0.1351  0.8876  1.9091 1.0093 1200
scale(tol_rel)-sp12      0.7995 0.3008  0.2653  0.7754  1.4526 1.0137 1200
scale(tol_rel)-sp13      0.4945 0.3851 -0.1749  0.4529  1.3502 1.0003 1200
scale(tol_rel)-sp14     -0.3519 0.4550 -1.1947 -0.3703  0.5938 1.0006 1200
scale(tol_rel)-sp15      0.2732 0.4003 -0.4453  0.2591  1.1741 1.0007 1737
scale(tol_rel)-sp16     -0.4289 0.2634 -0.9594 -0.4286  0.0819 1.0036 1405
scale(tol_rel)-sp17      0.7477 0.3747  0.0936  0.7153  1.5608 1.0066 1200
scale(tol_rel)-sp18      0.0169 0.5552 -1.0764  0.0042  1.1518 1.0014 1200
scale(tol_rel)-sp19     -0.3567 0.3075 -0.9244 -0.3669  0.2800 0.9993 1122
scale(tol_rel)-sp20      0.0893 0.5880 -1.0843  0.0989  1.2114 1.0036 1200
scale(tol_rel)-sp21     -0.1026 0.3706 -0.8516 -0.0805  0.5804 1.0061 1200
scale(tol_rel)-sp22      1.2345 0.4631  0.4193  1.2022  2.2339 1.0138 1000
scale(tol_rel)-sp23      0.1039 0.5913 -1.0764  0.1195  1.1887 0.9997 1083
scale(tol_rel)-sp24     -0.3274 0.5293 -1.4512 -0.3258  0.6361 0.9988 1200
scale(tol_rel)-sp25      0.6229 0.3931 -0.1336  0.6191  1.4077 1.0111 1322
scale(tol_rel)-sp26      0.5581 0.4584 -0.3270  0.5660  1.4830 1.0163 1303
scale(tol_rel)-sp27      0.6870 0.3190  0.1351  0.6652  1.3868 1.0024  965
scale(tol_rel)-sp28      0.6381 0.2763  0.1442  0.6197  1.2042 1.0035 1200
scale(tol_rel)-sp29      0.1144 0.5777 -1.0815  0.1133  1.2456 1.0035 1200
scale(tol_rel)-sp30      0.1979 0.2780 -0.3044  0.1904  0.8004 1.0051 1047
scale(tol_rel)-sp31     -0.0221 0.3604 -0.6408 -0.0524  0.8215 1.0039 1087
scale(tol_rel)-sp32      0.1352 0.5003 -0.8374  0.1410  1.1167 1.0149 1200
scale(tol_rel)-sp33      0.5610 0.3595 -0.0856  0.5212  1.3254 1.0000 1200
scale(tol_rel)-sp34      0.4542 0.3582 -0.2098  0.4508  1.1609 1.0012 1183
scale(tol_rel)-sp35      0.6847 0.2277  0.2617  0.6820  1.1378 1.0126 1200
scale(tol_rel)-sp36     -0.5121 0.3671 -1.2833 -0.4941  0.1658 1.0010 1200
scale(tol_rel)-sp37      0.1319 0.3389 -0.5167  0.1268  0.8379 1.0027 1200
scale(tol_rel)-sp38      0.3175 0.3067 -0.2618  0.3064  0.9542 1.0080 1303
scale(tol_rel)-sp39      0.7866 0.3405  0.1518  0.7902  1.4546 1.0009 1200
scale(tol_rel)-sp40      0.0178 0.5002 -0.9925  0.0353  0.9746 1.0019 1402
scale(tol_rel)-sp41     -0.4941 0.3334 -1.2009 -0.4765  0.1362 1.0029 1200
scale(tol_rel)-sp42      0.6125 0.2599  0.1179  0.6130  1.1116 1.0017 1200
scale(tol_rel)-sp43     -0.9553 0.2886 -1.5293 -0.9437 -0.4296 1.0024 1200
scale(tol_rel)-sp44      0.7028 0.2633  0.2174  0.6972  1.2500 1.0046 1309
scale(tol_rel)-sp45      0.6494 0.2912  0.1061  0.6488  1.2622 1.0114 1200
scale(tol_rel)-sp46      0.1328 0.3839 -0.6008  0.1207  0.9384 1.0003 1200
scale(tol_rel)-sp47     -0.3814 0.4395 -1.1168 -0.4332  0.6206 1.0059 1038
scale(tol_rel)-sp48      0.1382 0.5606 -1.0407  0.1533  1.2142 1.0033 1200
scale(tol_rel)-sp49      0.7737 0.2282  0.3460  0.7655  1.2504 1.0152 1200
scale(tol_rel)-sp50      0.2794 0.5395 -0.7984  0.2878  1.3336 1.0072  926
scale(tol_rel)-sp51     -0.6512 0.4107 -1.3630 -0.6836  0.2942 1.0093 1037
scale(tol_rel)-sp52     -0.1570 0.5274 -1.2734 -0.1432  0.8262 1.0082 1200
scale(tol_rel)-sp53     -0.2313 0.5304 -1.3161 -0.2013  0.7367 1.0008 1125
scale(tol_rel)-sp54      0.1867 0.3794 -0.5222  0.1835  0.9696 1.0064 1200
scale(tol_rel)-sp55      0.1886 0.2489 -0.2751  0.1877  0.6769 1.0006 1200
scale(tol_rel)-sp56     -0.4268 0.2467 -0.9264 -0.4218  0.0352 1.0029 1200
scale(tol_rel)-sp57      0.2119 0.1894 -0.1538  0.2111  0.5748 1.0018 1200
scale(tol_rel)-sp58      0.3765 0.2106 -0.0073  0.3668  0.8026 1.0051 1126
scale(tol_rel)-sp59      0.7528 0.3536  0.1175  0.7381  1.5137 1.0042 1200
scale(tol_rel)-sp60     -0.0751 0.3531 -0.7426 -0.0709  0.6110 1.0041 1200
scale(tol_rel)-sp61      0.1938 0.4228 -0.6138  0.1756  1.0424 1.0005 1008
scale(tol_rel)-sp62      0.9647 0.3389  0.3349  0.9414  1.6842 1.0026 1081
scale(tol_rel)-sp63      0.4414 0.3516 -0.2417  0.4312  1.1762 1.0061 1200
scale(tol_rel)-sp64      0.2780 0.4838 -0.6390  0.2508  1.3194 1.0088 1200
scale(tol_rel)-sp65     -0.2899 0.5337 -1.3744 -0.2888  0.7395 1.0098 1200
scale(tol_rel)-sp66      0.5697 0.3802 -0.0956  0.5517  1.4002 1.0014 1200
scale(tol_rel)-sp67      0.9950 0.3273  0.4139  0.9761  1.6756 1.0082 1200
scale(tol_rel)-sp68     -0.1736 0.3451 -0.8392 -0.1761  0.4643 1.0015 1327
scale(tol_rel)-sp69     -0.2246 0.4444 -1.0145 -0.2492  0.7505 1.0108 1200
scale(tol_rel)-sp70      0.5913 0.5095 -0.3599  0.5913  1.6102 1.0079 1200
scale(tol_rel)-sp71      0.1103 0.5899 -1.0359  0.1084  1.3139 1.0177  657
scale(tol_rel)-sp72      0.1737 0.3002 -0.3701  0.1577  0.8031 1.0020 1312
scale(tol_rel)-sp73      0.2630 0.3367 -0.3649  0.2614  0.9057 1.0024 1425
scale(tol_rel)-sp74      0.1318 0.5268 -0.9594  0.1235  1.1438 1.0010 1200
scale(tol_rel)-sp75     -0.6218 0.3870 -1.3384 -0.6376  0.2258 1.0047 1330
scale(tol_rel)-sp76     -1.0215 0.2796 -1.5891 -1.0223 -0.4775 1.0138 1200
scale(tol_rel)-sp77     -0.3260 0.4512 -1.2448 -0.3179  0.5301 1.0006 1200
scale(tol_rel)-sp78     -0.0222 0.5085 -0.9591 -0.0201  1.0303 1.0006 1219
scale(tol_rel)-sp79     -0.0181 0.5290 -1.0253 -0.0472  1.0933 1.0107 1299
scale(tol_rel)-sp80      0.3683 0.4100 -0.3798  0.3504  1.2605 1.0035 1200
scale(tol_rel)-sp81      0.2975 0.5197 -0.6989  0.2817  1.3295 1.0009  910
scale(tol_rel)-sp82      0.7366 0.2176  0.3237  0.7371  1.1623 1.0031 1200
scale(tol_rel)-sp83      0.1466 0.5268 -0.8281  0.1406  1.1530 1.0059 1200
scale(tol_rel)-sp84     -1.0621 0.2875 -1.6177 -1.0583 -0.5001 1.0144 1200
scale(tol_rel)-sp85      0.7664 0.2267  0.3510  0.7470  1.2424 1.0181 1200
scale(tol_rel)-sp86      0.3745 0.3479 -0.3294  0.3761  1.0958 1.0015 1200
scale(tol_rel)-sp87      0.1052 0.6137 -1.0864  0.1125  1.3293 1.0030 1468
scale(tol_rel)-sp88      0.8699 0.3310  0.2338  0.8647  1.5067 1.0002 1200
scale(tol_rel)-sp89     -0.5437 0.3649 -1.2491 -0.5455  0.1863 1.0014 1345
scale(tol_rel)-sp90      0.7207 0.4782 -0.1060  0.7016  1.7600 1.0039 1161
scale(tol_rel)-sp91      0.0346 0.3387 -0.6287  0.0420  0.6657 1.0028 1010
scale(tol_rel)-sp92      0.1173 0.5640 -0.9531  0.1032  1.2074 1.0027 1200
scale(tol_rel)-sp93      0.6796 0.2483  0.1965  0.6797  1.1796 1.0096 1200
scale(tol_rel)-sp94     -0.4994 0.4206 -1.2539 -0.5215  0.3981 0.9993  922
scale(tol_rel)-sp95     -0.1036 0.5513 -1.1959 -0.0918  0.9190 0.9993 1200
scale(tol_rel)-sp96      1.1755 0.3431  0.5352  1.1844  1.8488 1.0041 1258
scale(tol_rel)-sp97     -0.4356 0.5231 -1.4361 -0.4276  0.5772 1.0000 1009
scale(tol_rel)-sp98     -0.3672 0.5249 -1.3946 -0.3597  0.6823 1.0010 1200
scale(tol_rel)-sp99      0.4306 0.4888 -0.5067  0.4160  1.4379 1.0053 1200
scale(tol_rel)-sp100    -0.4867 0.2349 -0.9682 -0.4843 -0.0378 1.0010 1303
scale(tol_rel)-sp101     0.0335 0.4326 -0.7772  0.0392  0.8762 1.0040 1419
scale(tol_rel)-sp102     1.0415 0.2664  0.5592  1.0343  1.5889 1.0087 1200
scale(tol_rel)-sp103    -0.5708 0.3969 -1.3641 -0.5458  0.1663 1.0091 1200
scale(tol_rel)-sp104    -0.0377 0.4213 -0.9002 -0.0232  0.7962 1.0078 1311
scale(svp)-sp1           0.7480 0.2548  0.2699  0.7420  1.2939 1.0117 1200
scale(svp)-sp2           0.0024 0.3983 -0.8050  0.0017  0.7897 1.0034 1200
scale(svp)-sp3           0.0301 0.2371 -0.3992  0.0183  0.5281 1.0025 1200
scale(svp)-sp4           0.0868 0.3255 -0.5172  0.0831  0.7418 1.0028 1200
scale(svp)-sp5          -0.1772 0.3951 -0.9626 -0.1758  0.5936 1.0079 1094
scale(svp)-sp6          -0.1066 0.3057 -0.7668 -0.0946  0.4697 1.0042  990
scale(svp)-sp7          -0.4572 0.2388 -0.9239 -0.4524 -0.0352 1.0086 1200
scale(svp)-sp8          -0.1056 0.3857 -0.9092 -0.1052  0.6399 1.0020 1200
scale(svp)-sp9           0.1185 0.3816 -0.6230  0.1321  0.8959 1.0019 1200
scale(svp)-sp10         -0.2531 0.3934 -1.0899 -0.2417  0.4770 1.0143 1200
scale(svp)-sp11         -0.0317 0.3878 -0.7831 -0.0421  0.7397 1.0087 1200
scale(svp)-sp12         -0.5242 0.2534 -1.0560 -0.5223 -0.0719 1.0039 1200
scale(svp)-sp13         -0.1890 0.3392 -0.8124 -0.2010  0.4652 1.0032 1200
scale(svp)-sp14          0.1418 0.3910 -0.6268  0.1375  0.9551 0.9999 1103
scale(svp)-sp15         -0.2603 0.3281 -0.9056 -0.2545  0.3618 1.0003 1200
scale(svp)-sp16          0.2565 0.3121 -0.3196  0.2353  0.9125 1.0082 1200
scale(svp)-sp17          0.1072 0.2758 -0.3723  0.0979  0.7133 1.0025 1200
scale(svp)-sp18         -0.0038 0.3814 -0.7451 -0.0092  0.7445 1.0010 1200
scale(svp)-sp19         -0.1111 0.2615 -0.6382 -0.1080  0.4051 1.0009 1200
scale(svp)-sp20         -0.0591 0.4372 -0.9794 -0.0585  0.7910 1.0198 1200
scale(svp)-sp21          0.6037 0.2755  0.0703  0.5956  1.1460 1.0066 1200
scale(svp)-sp22         -0.1698 0.3838 -0.9380 -0.1739  0.6423 1.0317 1160
scale(svp)-sp23         -0.0824 0.4104 -0.9031 -0.0744  0.7134 0.9991 1089
scale(svp)-sp24          0.2436 0.3581 -0.4322  0.2351  0.9526 1.0107 1200
scale(svp)-sp25         -0.0377 0.3326 -0.6882 -0.0358  0.5867 0.9991 1424
scale(svp)-sp26         -0.2379 0.3608 -0.9610 -0.2344  0.4926 1.0042 1200
scale(svp)-sp27          0.2682 0.2416 -0.2000  0.2655  0.7537 1.0025 2477
scale(svp)-sp28         -0.3019 0.2589 -0.8431 -0.2857  0.1778 1.0156 1200
scale(svp)-sp29         -0.0532 0.4080 -0.8574 -0.0448  0.7653 1.0043 1200
scale(svp)-sp30          0.0733 0.2570 -0.4197  0.0608  0.5937 1.0053  952
scale(svp)-sp31         -0.2491 0.2794 -0.8055 -0.2525  0.3199 1.0237  967
scale(svp)-sp32         -0.1635 0.3983 -0.9580 -0.1491  0.6128 1.0030 1200
scale(svp)-sp33         -0.2012 0.2671 -0.7203 -0.1934  0.3329 1.0077 1200
scale(svp)-sp34          0.0846 0.3256 -0.5962  0.0890  0.6809 1.0013 1200
scale(svp)-sp35          0.0584 0.2172 -0.3616  0.0587  0.4812 1.0048  963
scale(svp)-sp36          0.6843 0.2815  0.1666  0.6701  1.2609 1.0139 1207
scale(svp)-sp37          0.1239 0.3316 -0.4944  0.1026  0.8191 1.0047 1200
scale(svp)-sp38          0.3416 0.2792 -0.2007  0.3426  0.8929 1.0038 1200
scale(svp)-sp39          0.0390 0.3186 -0.5748  0.0440  0.6865 1.0101 1200
scale(svp)-sp40         -0.1465 0.3758 -0.9090 -0.1412  0.5959 1.0052 1392
scale(svp)-sp41         -0.0485 0.2647 -0.5750 -0.0496  0.4823 1.0007 1200
scale(svp)-sp42         -0.1521 0.2428 -0.6290 -0.1492  0.3256 1.0086 1304
scale(svp)-sp43          0.0213 0.3122 -0.5726  0.0060  0.6522 0.9996 1200
scale(svp)-sp44         -0.5856 0.3034 -1.2370 -0.5755 -0.0308 1.0007 1200
scale(svp)-sp45         -0.2141 0.2993 -0.8215 -0.2105  0.3758 1.0064  964
scale(svp)-sp46         -0.0801 0.3207 -0.6899 -0.0766  0.5439 1.0092 1200
scale(svp)-sp47          0.0829 0.3522 -0.6077  0.0802  0.8046 1.0017 1200
scale(svp)-sp48         -0.0898 0.3929 -0.8622 -0.1007  0.6867 1.0165 1200
scale(svp)-sp49         -0.4241 0.2120 -0.8403 -0.4161 -0.0346 1.0064 1200
scale(svp)-sp50         -0.0993 0.3940 -0.8597 -0.0954  0.6519 0.9994 1200
scale(svp)-sp51          0.0317 0.3620 -0.6378  0.0106  0.7722 1.0042 1200
scale(svp)-sp52         -0.1858 0.3852 -0.9646 -0.1832  0.5649 1.0024  863
scale(svp)-sp53          0.3009 0.3628 -0.3848  0.2906  1.0253 1.0051 1200
scale(svp)-sp54         -0.6101 0.3374 -1.2973 -0.6018  0.0220 1.0069 1200
scale(svp)-sp55         -0.8296 0.3148 -1.4863 -0.8249 -0.2455 1.0090 1200
scale(svp)-sp56          0.4001 0.2187 -0.0147  0.3948  0.8393 1.0004 1200
scale(svp)-sp57         -0.3120 0.1978 -0.7035 -0.3069  0.0579 1.0048 1200
scale(svp)-sp58         -0.1614 0.2039 -0.5838 -0.1597  0.2174 1.0026 1200
scale(svp)-sp59         -0.3518 0.3349 -1.0142 -0.3540  0.2790 1.0162 1200
scale(svp)-sp60          0.0085 0.2830 -0.5282  0.0076  0.5488 1.0148 1200
scale(svp)-sp61         -0.3376 0.3708 -1.0700 -0.3294  0.3907 1.0003 1200
scale(svp)-sp62         -0.0720 0.2742 -0.6151 -0.0717  0.4661 1.0064 1200
scale(svp)-sp63          0.0374 0.2863 -0.5173  0.0405  0.6332 1.0160 1776
scale(svp)-sp64         -0.1613 0.3181 -0.7417 -0.1839  0.5020 1.0208 1200
scale(svp)-sp65         -0.1981 0.4012 -1.0021 -0.1644  0.5459 0.9998 1210
scale(svp)-sp66         -0.2405 0.3403 -0.9180 -0.2298  0.4002 1.0013 1200
scale(svp)-sp67         -0.1568 0.3199 -0.8034 -0.1564  0.4665 1.0063 1084
scale(svp)-sp68          0.1195 0.2790 -0.4598  0.1264  0.6329 1.0003 1200
scale(svp)-sp69          0.2084 0.3568 -0.4807  0.2130  0.9351 1.0034 1200
scale(svp)-sp70          0.0263 0.3898 -0.7469  0.0251  0.7622 1.0013 1200
scale(svp)-sp71         -0.0476 0.4184 -0.8758 -0.0422  0.7565 1.0028 1200
scale(svp)-sp72         -0.3316 0.2925 -0.9331 -0.3234  0.2109 1.0099 1200
scale(svp)-sp73         -0.0612 0.3226 -0.7103 -0.0537  0.5786 1.0024 1056
scale(svp)-sp74         -0.0900 0.3989 -0.8639 -0.0725  0.6679 0.9996 1200
scale(svp)-sp75          0.0681 0.3233 -0.5659  0.0673  0.6946 1.0029 1200
scale(svp)-sp76          0.2669 0.3290 -0.3311  0.2482  0.9808 1.0066 1200
scale(svp)-sp77         -0.4592 0.3695 -1.2189 -0.4314  0.2096 1.0202 1200
scale(svp)-sp78         -0.2695 0.4012 -1.0841 -0.2532  0.4526 1.0056 1095
scale(svp)-sp79         -0.2639 0.3615 -0.9671 -0.2525  0.4540 1.0020 1200
scale(svp)-sp80         -0.1989 0.3478 -0.8806 -0.1872  0.4860 1.0037 1125
scale(svp)-sp81          0.0022 0.3620 -0.7341 -0.0008  0.7543 1.0087 1103
scale(svp)-sp82         -0.2647 0.2325 -0.7343 -0.2576  0.1791 1.0005 1200
scale(svp)-sp83         -0.1782 0.3998 -0.9546 -0.1632  0.5943 1.0006 1200
scale(svp)-sp84          0.3601 0.2860 -0.1814  0.3514  0.9615 1.0004 1200
scale(svp)-sp85         -0.1791 0.1827 -0.5312 -0.1816  0.1672 1.0088 1200
scale(svp)-sp86         -0.1393 0.3267 -0.8031 -0.1387  0.4733 1.0078 1200
scale(svp)-sp87         -0.0639 0.4119 -0.8645 -0.0796  0.7442 1.0075 1551
scale(svp)-sp88         -0.0956 0.3324 -0.7681 -0.0983  0.5574 1.0181 1200
scale(svp)-sp89          0.1721 0.3303 -0.4547  0.1719  0.8265 1.0137 1200
scale(svp)-sp90         -0.4063 0.3767 -1.1664 -0.4006  0.3523 1.0140 1271
scale(svp)-sp91          0.2288 0.2703 -0.2766  0.2153  0.8044 1.0056 1200
scale(svp)-sp92         -0.0712 0.4108 -0.8426 -0.0701  0.7098 1.0029 1200
scale(svp)-sp93         -0.4477 0.2734 -0.9787 -0.4449  0.0770 1.0033 1200
scale(svp)-sp94          0.1087 0.3552 -0.5802  0.1159  0.8125 1.0059 1200
scale(svp)-sp95         -0.1477 0.3917 -0.9407 -0.1427  0.6028 1.0033 1200
scale(svp)-sp96         -0.0779 0.3299 -0.7590 -0.0633  0.5488 1.0012 1200
scale(svp)-sp97         -0.0709 0.3471 -0.7590 -0.0637  0.6255 1.0013 1200
scale(svp)-sp98          0.3528 0.3665 -0.3862  0.3651  1.0928 1.0000 1037
scale(svp)-sp99         -0.1889 0.3873 -0.9891 -0.1763  0.5294 1.0034 1200
scale(svp)-sp100         0.1635 0.2788 -0.3450  0.1457  0.7514 1.0245 1200
scale(svp)-sp101         0.3737 0.3395 -0.2797  0.3611  1.0492 1.0051 1200
scale(svp)-sp102        -0.3269 0.2428 -0.7995 -0.3282  0.1476 1.0206 1200
scale(svp)-sp103         0.3317 0.2876 -0.2200  0.3124  0.8998 1.0114 1200
scale(svp)-sp104        -0.0855 0.3450 -0.7775 -0.0776  0.5515 1.0187 1200
scale(dicot)-sp1         0.3787 0.2011 -0.0029  0.3729  0.8148 1.0096 1308
scale(dicot)-sp2         0.1628 0.2659 -0.3856  0.1752  0.6784 1.0019 1185
scale(dicot)-sp3         0.1766 0.2030 -0.2236  0.1817  0.5671 1.0047 1200
scale(dicot)-sp4         0.2214 0.2571 -0.2821  0.2225  0.7143 1.0011 1200
scale(dicot)-sp5         0.2625 0.2635 -0.2203  0.2596  0.7997 1.0065 1310
scale(dicot)-sp6         0.2381 0.2379 -0.2422  0.2365  0.7044 0.9994 1194
scale(dicot)-sp7         0.0464 0.2323 -0.4153  0.0434  0.5102 1.0103 1200
scale(dicot)-sp8         0.1721 0.2632 -0.3607  0.1817  0.6703 1.0030 1200
scale(dicot)-sp9         0.1349 0.2649 -0.3745  0.1427  0.6377 1.0003 1200
scale(dicot)-sp10        0.1890 0.2725 -0.3538  0.1969  0.7126 1.0086 1200
scale(dicot)-sp11        0.1812 0.2629 -0.3458  0.1818  0.6898 1.0054 1200
scale(dicot)-sp12        0.4607 0.2226  0.0516  0.4492  0.9319 1.0007 1200
scale(dicot)-sp13        0.5202 0.2356  0.0748  0.5117  0.9866 1.0159 1200
scale(dicot)-sp14        0.2552 0.2668 -0.2605  0.2603  0.7982 1.0187 1200
scale(dicot)-sp15        0.3072 0.2583 -0.1776  0.3008  0.8440 1.0032 1200
scale(dicot)-sp16        0.3756 0.2358 -0.0466  0.3642  0.8863 1.0046 1200
scale(dicot)-sp17        0.4658 0.2594 -0.0182  0.4532  1.0324 1.0060 1100
scale(dicot)-sp18        0.2574 0.2660 -0.2705  0.2588  0.8090 1.0169  884
scale(dicot)-sp19       -0.0202 0.2508 -0.5376 -0.0202  0.4599 1.0213 1200
scale(dicot)-sp20        0.2452 0.2895 -0.3152  0.2376  0.8147 1.0021 1200
scale(dicot)-sp21        0.3606 0.2292 -0.0763  0.3468  0.8229 1.0025 1200
scale(dicot)-sp22        0.2305 0.2627 -0.2995  0.2276  0.7469 1.0063 1200
scale(dicot)-sp23        0.2344 0.2760 -0.3205  0.2337  0.7975 1.0018 1200
scale(dicot)-sp24        0.2649 0.2608 -0.2699  0.2661  0.7702 1.0039 1200
scale(dicot)-sp25        0.2456 0.2390 -0.2107  0.2443  0.7507 1.0037 1200
scale(dicot)-sp26        0.2451 0.2575 -0.2810  0.2430  0.7624 1.0114 1084
scale(dicot)-sp27        0.2032 0.2265 -0.2451  0.2012  0.6566 1.0018 1200
scale(dicot)-sp28        0.2074 0.2038 -0.1759  0.2068  0.6129 1.0297 1200
scale(dicot)-sp29        0.2390 0.2728 -0.2972  0.2413  0.7895 1.0083 1200
scale(dicot)-sp30        0.2250 0.2190 -0.1682  0.2258  0.6310 1.0225 1200
scale(dicot)-sp31        0.2539 0.2296 -0.1882  0.2452  0.6912 1.0031 1200
scale(dicot)-sp32        0.1757 0.2592 -0.3524  0.1847  0.6733 1.0007 1200
scale(dicot)-sp33        0.0275 0.2375 -0.4561  0.0380  0.4629 1.0054 1200
scale(dicot)-sp34        0.0707 0.2435 -0.4176  0.0749  0.5374 1.0010 1329
scale(dicot)-sp35        0.4056 0.1949  0.0485  0.4010  0.8130 1.0003 1200
scale(dicot)-sp36        0.0609 0.2290 -0.3990  0.0688  0.4957 1.0046 1240
scale(dicot)-sp37        0.2670 0.2546 -0.2329  0.2694  0.7943 1.0061 1200
scale(dicot)-sp38        0.1786 0.2477 -0.3025  0.1829  0.6562 1.0076 1089
scale(dicot)-sp39        0.4184 0.2348 -0.0174  0.4064  0.8911 1.0035 1200
scale(dicot)-sp40        0.4170 0.2558 -0.0379  0.4028  0.9573 1.0010 1200
scale(dicot)-sp41        0.2776 0.2234 -0.1423  0.2748  0.7314 1.0000 1200
scale(dicot)-sp42        0.5091 0.2092  0.1214  0.5016  0.9290 1.0345 1200
scale(dicot)-sp43        0.3527 0.2378 -0.0957  0.3455  0.8381 1.0050 1200
scale(dicot)-sp44        0.2244 0.2246 -0.2142  0.2280  0.6584 1.0086 1278
scale(dicot)-sp45        0.2233 0.2255 -0.2251  0.2195  0.6539 1.0052 1200
scale(dicot)-sp46        0.0715 0.2486 -0.4408  0.0755  0.5261 1.0007 1200
scale(dicot)-sp47        0.2278 0.2563 -0.2812  0.2239  0.7553 1.0013 1200
scale(dicot)-sp48        0.2884 0.2618 -0.2434  0.2761  0.8188 1.0243 1200
scale(dicot)-sp49        0.2751 0.1854 -0.0950  0.2768  0.6439 1.0016 1200
scale(dicot)-sp50        0.2441 0.2648 -0.2805  0.2499  0.7609 1.0012 1200
scale(dicot)-sp51        0.3135 0.2699 -0.2180  0.3069  0.8615 1.0134 1200
scale(dicot)-sp52        0.2664 0.2699 -0.2714  0.2657  0.7981 1.0143 1200
scale(dicot)-sp53        0.2767 0.2526 -0.2237  0.2670  0.7564 1.0006 1200
scale(dicot)-sp54        0.0575 0.2517 -0.4521  0.0645  0.5242 1.0184 1200
scale(dicot)-sp55        0.0181 0.2212 -0.4373  0.0309  0.4194 1.0122 1094
scale(dicot)-sp56        0.6466 0.2288  0.2441  0.6274  1.1206 1.0002 1090
scale(dicot)-sp57        0.0793 0.1771 -0.2895  0.0825  0.4042 1.0071 1200
scale(dicot)-sp58        0.3689 0.1909  0.0195  0.3568  0.7637 1.0093 1244
scale(dicot)-sp59        0.2869 0.2397 -0.1967  0.2882  0.7670 1.0029 1200
scale(dicot)-sp60        0.4024 0.2339 -0.0454  0.3914  0.8804 1.0040 1617
scale(dicot)-sp61        0.2246 0.2529 -0.2779  0.2219  0.7303 1.0239 1200
scale(dicot)-sp62        0.2739 0.2246 -0.1554  0.2715  0.7160 1.0125 1200
scale(dicot)-sp63        0.2114 0.2428 -0.2551  0.2232  0.6782 1.0009 1200
scale(dicot)-sp64        0.2540 0.2434 -0.2208  0.2434  0.7494 1.0173 1200
scale(dicot)-sp65        0.1634 0.2718 -0.4042  0.1728  0.6955 1.0006 1097
scale(dicot)-sp66        0.3713 0.2457 -0.0937  0.3724  0.8698 1.0095 1200
scale(dicot)-sp67        0.1159 0.2379 -0.3783  0.1320  0.5383 1.0009 1200
scale(dicot)-sp68        0.2432 0.2176 -0.1739  0.2396  0.6954 1.0028 1200
scale(dicot)-sp69        0.3275 0.2561 -0.1607  0.3262  0.8490 1.0006 1011
scale(dicot)-sp70        0.2484 0.2588 -0.2777  0.2491  0.7439 1.0161 1200
scale(dicot)-sp71        0.2436 0.2709 -0.2831  0.2406  0.7789 1.0050 1200
scale(dicot)-sp72        0.1112 0.2407 -0.3742  0.1193  0.5656 1.0039 1320
scale(dicot)-sp73        0.1265 0.2355 -0.3531  0.1313  0.5677 1.0030 1200
scale(dicot)-sp74        0.2550 0.2709 -0.3029  0.2596  0.7769 1.0008 1200
scale(dicot)-sp75        0.3814 0.2517 -0.1089  0.3733  0.8915 1.0016 1200
scale(dicot)-sp76        0.4146 0.2382 -0.0364  0.3984  0.9473 1.0071 1200
scale(dicot)-sp77        0.1609 0.2455 -0.3636  0.1642  0.6467 1.0002 1200
scale(dicot)-sp78        0.1738 0.2546 -0.3491  0.1748  0.6600 1.0086 1200
scale(dicot)-sp79        0.2361 0.2579 -0.2825  0.2376  0.7292 1.0090 1200
scale(dicot)-sp80       -0.0576 0.2737 -0.6410 -0.0391  0.4579 1.0377 1054
scale(dicot)-sp81        0.3554 0.2922 -0.2330  0.3514  0.9566 1.0029 1096
scale(dicot)-sp82        0.0752 0.1873 -0.2810  0.0729  0.4477 1.0007 1109
scale(dicot)-sp83        0.2417 0.2622 -0.2784  0.2490  0.7534 1.0093 1496
scale(dicot)-sp84        0.3015 0.2383 -0.1430  0.2930  0.7897 0.9996 1046
scale(dicot)-sp85        0.1866 0.1799 -0.1544  0.1864  0.5571 1.0170 1200
scale(dicot)-sp86        0.1547 0.2412 -0.3454  0.1649  0.6169 1.0031 1200
scale(dicot)-sp87        0.2340 0.2691 -0.3087  0.2305  0.7452 0.9991 1200
scale(dicot)-sp88        0.2025 0.2450 -0.3065  0.2109  0.6683 1.0098 1200
scale(dicot)-sp89        0.2844 0.2413 -0.1685  0.2788  0.7870 1.0068  973
scale(dicot)-sp90        0.2144 0.2556 -0.2740  0.2118  0.7192 1.0013 1200
scale(dicot)-sp91        0.3327 0.2254 -0.1005  0.3344  0.7945 1.0098 1078
scale(dicot)-sp92        0.2352 0.2733 -0.3214  0.2402  0.7897 1.0062 1200
scale(dicot)-sp93        0.3303 0.2058 -0.0548  0.3277  0.7301 1.0056 1200
scale(dicot)-sp94        0.3405 0.2516 -0.1496  0.3307  0.8615 1.0008 1200
scale(dicot)-sp95        0.3063 0.2593 -0.2061  0.3002  0.8267 1.0142 1200
scale(dicot)-sp96        0.1644 0.2373 -0.3045  0.1726  0.6091 1.0033 1322
scale(dicot)-sp97        0.1945 0.2607 -0.3094  0.1972  0.7378 0.9999  889
scale(dicot)-sp98        0.2290 0.2463 -0.2534  0.2360  0.7076 1.0005 1200
scale(dicot)-sp99        0.2643 0.2576 -0.2570  0.2511  0.7788 0.9996 1200
scale(dicot)-sp100       0.3277 0.2178 -0.0890  0.3224  0.7861 1.0043 1043
scale(dicot)-sp101       0.2763 0.2595 -0.2121  0.2756  0.8054 1.0044 1200
scale(dicot)-sp102       0.1805 0.1974 -0.2029  0.1825  0.5771 1.0021  927
scale(dicot)-sp103       0.2242 0.2465 -0.2795  0.2261  0.7290 1.0050 1200
scale(dicot)-sp104       0.4259 0.2529 -0.0371  0.4117  0.9493 1.0158 1200
scale(cyper)-sp1         0.0725 0.1911 -0.2847  0.0692  0.4625 1.0010 1589
scale(cyper)-sp2         0.0391 0.3139 -0.5553  0.0254  0.6566 1.0056 1568
scale(cyper)-sp3         0.0920 0.2100 -0.3169  0.0935  0.5155 1.0017 1445
scale(cyper)-sp4         0.0504 0.2661 -0.4653  0.0593  0.5874 1.0038 1200
scale(cyper)-sp5        -0.2569 0.3175 -0.8825 -0.2503  0.3589 1.0007 1200
scale(cyper)-sp6        -0.1111 0.2579 -0.6041 -0.1196  0.4137 1.0058 1200
scale(cyper)-sp7         0.0630 0.2319 -0.3574  0.0539  0.5376 1.0014 1200
scale(cyper)-sp8        -0.0741 0.3115 -0.6894 -0.0711  0.5197 1.0063 1200
scale(cyper)-sp9        -0.2580 0.3116 -0.9114 -0.2344  0.3032 1.0013 1200
scale(cyper)-sp10       -0.3192 0.3249 -0.9762 -0.3163  0.3230 1.0093 1200
scale(cyper)-sp11       -0.2781 0.3166 -0.9481 -0.2690  0.2937 1.0007 1148
scale(cyper)-sp12       -0.4183 0.2275 -0.8687 -0.4113  0.0114 1.0003 1200
scale(cyper)-sp13       -0.3091 0.2758 -0.8687 -0.3032  0.2197 1.0053 1200
scale(cyper)-sp14        0.0192 0.2810 -0.5120  0.0201  0.5853 1.0083 1200
scale(cyper)-sp15       -0.5290 0.2800 -1.0851 -0.5156  0.0041 0.9990 1337
scale(cyper)-sp16       -0.0160 0.2323 -0.4340 -0.0250  0.4588 1.0117 1200
scale(cyper)-sp17       -0.2099 0.2466 -0.6930 -0.2079  0.3032 1.0050 1319
scale(cyper)-sp18       -0.0633 0.3238 -0.6578 -0.0636  0.5937 0.9990 1200
scale(cyper)-sp19       -0.0138 0.2394 -0.4714 -0.0164  0.4630 1.0202 1200
scale(cyper)-sp20       -0.1328 0.3232 -0.7372 -0.1512  0.5118 0.9999 1914
scale(cyper)-sp21        0.0615 0.2584 -0.4285  0.0580  0.5484 1.0347 1084
scale(cyper)-sp22       -0.1177 0.3111 -0.7561 -0.1272  0.4862 0.9996 1200
scale(cyper)-sp23       -0.1274 0.3316 -0.7708 -0.1257  0.4907 1.0038 1200
scale(cyper)-sp24       -0.2604 0.3182 -0.8923 -0.2551  0.3640 1.0053 1200
scale(cyper)-sp25        0.1264 0.2716 -0.3862  0.1269  0.6738 1.0007 1200
scale(cyper)-sp26       -0.0649 0.2845 -0.6386 -0.0599  0.4710 1.0023 1200
scale(cyper)-sp27       -0.2499 0.2141 -0.6623 -0.2483  0.1410 1.0042 1200
scale(cyper)-sp28       -0.1322 0.2140 -0.5312 -0.1359  0.3037 0.9999 1200
scale(cyper)-sp29       -0.1204 0.3255 -0.7451 -0.1218  0.5539 1.0045 1200
scale(cyper)-sp30       -0.0071 0.2263 -0.4320 -0.0054  0.4430 1.0114 1348
scale(cyper)-sp31       -0.3027 0.2608 -0.8237 -0.3032  0.2051 1.0104 1200
scale(cyper)-sp32       -0.2559 0.3232 -0.8809 -0.2626  0.3553 1.0138 1200
scale(cyper)-sp33       -0.1743 0.2241 -0.6211 -0.1701  0.2780 1.0016 1519
scale(cyper)-sp34       -0.2089 0.2663 -0.7545 -0.1989  0.2727 1.0025 1200
scale(cyper)-sp35        0.1954 0.1981 -0.1735  0.1912  0.6064 0.9995 1200
scale(cyper)-sp36       -0.3371 0.2489 -0.8385 -0.3321  0.1395 1.0046 1200
scale(cyper)-sp37        0.0187 0.2690 -0.4866  0.0174  0.5735 1.0044 1200
scale(cyper)-sp38        0.2823 0.2375 -0.1714  0.2747  0.7750 1.0086 1098
scale(cyper)-sp39       -0.1865 0.2666 -0.7298 -0.1802  0.3191 1.0262 1101
scale(cyper)-sp40       -0.2418 0.3135 -0.8947 -0.2472  0.3746 0.9998 1046
scale(cyper)-sp41       -0.2895 0.2494 -0.8076 -0.2851  0.2035 1.0018 1200
scale(cyper)-sp42        0.5798 0.2334  0.1242  0.5781  1.0428 1.0097 1200
scale(cyper)-sp43       -0.1182 0.2443 -0.5750 -0.1134  0.3532 1.0217 1200
scale(cyper)-sp44       -0.4398 0.2587 -0.9676 -0.4314  0.0273 1.0020 1200
scale(cyper)-sp45        0.2881 0.2548 -0.2031  0.2862  0.7816 0.9995 1200
scale(cyper)-sp46       -0.5325 0.3044 -1.1551 -0.5271  0.0396 1.0020 1200
scale(cyper)-sp47       -0.1717 0.2827 -0.7247 -0.1798  0.3872 0.9997 1200
scale(cyper)-sp48       -0.2324 0.3241 -0.8965 -0.2291  0.3598 1.0098 1010
scale(cyper)-sp49       -0.2294 0.1756 -0.5872 -0.2255  0.0942 1.0013 1200
scale(cyper)-sp50       -0.0803 0.3151 -0.7039 -0.0765  0.5211 1.0039 1200
scale(cyper)-sp51        0.0743 0.2584 -0.4242  0.0764  0.5839 1.0029 1200
scale(cyper)-sp52       -0.2210 0.3160 -0.8473 -0.2201  0.3687 0.9998 1073
scale(cyper)-sp53       -0.0026 0.2993 -0.5975 -0.0099  0.6151 1.0131 1200
scale(cyper)-sp54       -0.2726 0.2740 -0.8314 -0.2683  0.2844 1.0114 1200
scale(cyper)-sp55       -0.3832 0.2259 -0.8671 -0.3730  0.0238 1.0022 1200
scale(cyper)-sp56        0.0630 0.1921 -0.3181  0.0640  0.4521 1.0039 1050
scale(cyper)-sp57        0.1942 0.1764 -0.1389  0.1939  0.5229 1.0089 1200
scale(cyper)-sp58       -0.3498 0.1796 -0.6991 -0.3429 -0.0115 1.0020 1200
scale(cyper)-sp59       -0.0971 0.2864 -0.6423 -0.1007  0.4906 1.0012 1200
scale(cyper)-sp60       -0.3462 0.2561 -0.8355 -0.3443  0.1215 1.0009 1200
scale(cyper)-sp61       -0.2313 0.2946 -0.8409 -0.2182  0.3442 1.0092 1200
scale(cyper)-sp62        0.1008 0.2332 -0.3410  0.0927  0.5757 1.0007 1200
scale(cyper)-sp63       -0.2480 0.2402 -0.7233 -0.2485  0.2366 1.0034 1200
scale(cyper)-sp64        0.1770 0.3013 -0.4349  0.1888  0.7543 1.0234 1055
scale(cyper)-sp65       -0.2315 0.3174 -0.8537 -0.2307  0.3677 1.0036 1456
scale(cyper)-sp66       -0.4750 0.2906 -1.0461 -0.4692  0.0887 1.0086 1200
scale(cyper)-sp67       -0.2438 0.2708 -0.7979 -0.2403  0.2441 0.9995 1509
scale(cyper)-sp68       -0.2147 0.2487 -0.7412 -0.2092  0.2627 1.0053 1200
scale(cyper)-sp69       -0.0928 0.2764 -0.6614 -0.0937  0.4410 1.0045 1200
scale(cyper)-sp70       -0.1798 0.3249 -0.8311 -0.1699  0.4532 1.0033 1200
scale(cyper)-sp71       -0.1511 0.3450 -0.8643 -0.1366  0.5395 1.0173 1200
scale(cyper)-sp72       -0.2590 0.2654 -0.8044 -0.2576  0.2623 1.0024 1925
scale(cyper)-sp73       -0.3772 0.2728 -0.9232 -0.3797  0.1387 1.0042 1200
scale(cyper)-sp74       -0.0447 0.3226 -0.6935 -0.0510  0.6024 0.9994 1633
scale(cyper)-sp75       -0.1821 0.3103 -0.7868 -0.1908  0.4098 0.9996 1200
scale(cyper)-sp76       -0.1068 0.2453 -0.6005 -0.1115  0.3909 1.0091 1200
scale(cyper)-sp77       -0.2308 0.2954 -0.8036 -0.2370  0.3519 1.0009 1200
scale(cyper)-sp78       -0.2372 0.3111 -0.8490 -0.2432  0.4073 1.0100 1200
scale(cyper)-sp79       -0.0682 0.2998 -0.6615 -0.0746  0.5346 1.0033 1200
scale(cyper)-sp80       -0.3342 0.2905 -0.9290 -0.3288  0.2052 1.0139  799
scale(cyper)-sp81       -0.0275 0.3056 -0.6305 -0.0252  0.5685 1.0042 1200
scale(cyper)-sp82       -0.2405 0.1888 -0.6353 -0.2413  0.1223 1.0027 1674
scale(cyper)-sp83       -0.2466 0.3181 -0.8845 -0.2370  0.3541 1.0133 1200
scale(cyper)-sp84       -0.1664 0.2283 -0.6124 -0.1643  0.2727 1.0021 1335
scale(cyper)-sp85       -0.0098 0.1692 -0.3366 -0.0126  0.3336 0.9999 1009
scale(cyper)-sp86       -0.1190 0.2623 -0.6302 -0.1194  0.3926 1.0077 1200
scale(cyper)-sp87       -0.1441 0.3288 -0.8379 -0.1366  0.4662 1.0044 1350
scale(cyper)-sp88       -0.3167 0.2720 -0.8716 -0.3011  0.1920 1.0028 1200
scale(cyper)-sp89       -0.1585 0.2592 -0.6686 -0.1602  0.3625 1.0176 1200
scale(cyper)-sp90       -0.0741 0.2894 -0.6484 -0.0769  0.5226 1.0024 1200
scale(cyper)-sp91       -0.0749 0.2509 -0.5282 -0.0781  0.4160 1.0181 1200
scale(cyper)-sp92       -0.1419 0.3314 -0.8114 -0.1359  0.4820 1.0101 1200
scale(cyper)-sp93       -0.4887 0.2333 -0.9620 -0.4797 -0.0570 1.0121 1200
scale(cyper)-sp94        0.0841 0.2765 -0.4788  0.0840  0.6189 1.0034 1391
scale(cyper)-sp95       -0.0861 0.3157 -0.7106 -0.0892  0.5433 1.0052 1200
scale(cyper)-sp96        0.0617 0.2563 -0.4161  0.0518  0.6057 1.0041 1200
scale(cyper)-sp97        0.0628 0.3075 -0.5420  0.0575  0.6566 1.0241 1200
scale(cyper)-sp98       -0.0734 0.2988 -0.6602 -0.0688  0.4997 1.0104 1200
scale(cyper)-sp99       -0.1894 0.3100 -0.7971 -0.1898  0.4201 1.0211 1200
scale(cyper)-sp100      -0.0567 0.2129 -0.4907 -0.0554  0.3534 1.0056 1200
scale(cyper)-sp101      -0.2149 0.2940 -0.8167 -0.2058  0.3603 0.9992 1445
scale(cyper)-sp102      -0.2215 0.2106 -0.6288 -0.2251  0.2111 1.0043 1200
scale(cyper)-sp103      -0.0746 0.2536 -0.5604 -0.0713  0.4456 1.0082 1200
scale(cyper)-sp104      -0.4352 0.3031 -1.1007 -0.4104  0.0895 1.0031 1038
scale(small_tree)-sp1    0.0561 0.1394 -0.2094  0.0518  0.3223 1.0018 1200
scale(small_tree)-sp2    0.1456 0.1839 -0.1945  0.1413  0.5432 1.0020 1200
scale(small_tree)-sp3    0.1072 0.1498 -0.1750  0.1059  0.3916 1.0004 1200
scale(small_tree)-sp4   -0.0198 0.1704 -0.3537 -0.0125  0.3070 1.0172 1200
scale(small_tree)-sp5    0.0688 0.1871 -0.2853  0.0723  0.4264 1.0016  997
scale(small_tree)-sp6    0.0338 0.1650 -0.3027  0.0371  0.3461 1.0042 1217
scale(small_tree)-sp7    0.0999 0.1579 -0.2227  0.0994  0.4170 1.0134 1200
scale(small_tree)-sp8    0.1532 0.1793 -0.1652  0.1402  0.5364 0.9994 1069
scale(small_tree)-sp9    0.0666 0.1772 -0.2672  0.0665  0.4150 1.0022 1200
scale(small_tree)-sp10   0.1163 0.1724 -0.2244  0.1153  0.4691 1.0223 1200
scale(small_tree)-sp11   0.0665 0.1845 -0.3047  0.0664  0.4233 1.0035 1797
scale(small_tree)-sp12   0.0948 0.1587 -0.2166  0.0915  0.3941 1.0054 1123
scale(small_tree)-sp13   0.0785 0.1617 -0.2274  0.0767  0.4045 1.0078 1200
scale(small_tree)-sp14   0.0569 0.1773 -0.2864  0.0531  0.4199 1.0107 1200
scale(small_tree)-sp15   0.0129 0.1684 -0.3320  0.0195  0.3176 0.9994 1200
scale(small_tree)-sp16   0.1156 0.1594 -0.1857  0.1142  0.4185 1.0051 1200
scale(small_tree)-sp17   0.1114 0.1703 -0.2420  0.1098  0.4617 1.0077 1200
scale(small_tree)-sp18   0.0623 0.1828 -0.2904  0.0683  0.4357 1.0026 1200
scale(small_tree)-sp19   0.2300 0.1661 -0.0775  0.2211  0.5794 1.0042 1200
scale(small_tree)-sp20   0.0677 0.1812 -0.2951  0.0704  0.4177 1.0171 1200
scale(small_tree)-sp21   0.0975 0.1650 -0.2158  0.0950  0.4128 1.0085 1200
scale(small_tree)-sp22  -0.0497 0.1879 -0.4405 -0.0468  0.3180 1.0036 1120
scale(small_tree)-sp23   0.0599 0.1913 -0.3213  0.0663  0.4243 1.0107 1200
scale(small_tree)-sp24  -0.0009 0.1857 -0.3813  0.0026  0.3494 1.0013 1200
scale(small_tree)-sp25   0.0841 0.1681 -0.2387  0.0841  0.4274 1.0007 1200
scale(small_tree)-sp26   0.0434 0.1808 -0.3414  0.0476  0.3941 1.0058 1343
scale(small_tree)-sp27   0.2203 0.1626 -0.0993  0.2193  0.5302 1.0014 1200
scale(small_tree)-sp28  -0.0836 0.1589 -0.4192 -0.0800  0.2169 1.0011 1200
scale(small_tree)-sp29   0.0612 0.1839 -0.2956  0.0627  0.4298 0.9994 1574
scale(small_tree)-sp30   0.0807 0.1551 -0.2214  0.0802  0.3986 0.9999 1026
scale(small_tree)-sp31  -0.0477 0.1862 -0.3959 -0.0447  0.3084 1.0107 1200
scale(small_tree)-sp32   0.0150 0.1809 -0.3422  0.0136  0.3688 1.0153 1200
scale(small_tree)-sp33   0.1013 0.1614 -0.1990  0.0954  0.4574 1.0013 1299
scale(small_tree)-sp34   0.0634 0.1631 -0.2584  0.0691  0.3740 1.0009 1103
scale(small_tree)-sp35   0.0766 0.1414 -0.2121  0.0789  0.3531 1.0017 1200
scale(small_tree)-sp36   0.0544 0.1642 -0.2713  0.0567  0.3820 1.0082 1103
scale(small_tree)-sp37  -0.0013 0.1748 -0.3591  0.0025  0.3247 1.0094 1200
scale(small_tree)-sp38   0.0682 0.1621 -0.2302  0.0627  0.3893 1.0020 1200
scale(small_tree)-sp39   0.1243 0.1612 -0.1729  0.1230  0.4414 1.0075 1020
scale(small_tree)-sp40   0.0729 0.1810 -0.2805  0.0761  0.4243 1.0000 1312
scale(small_tree)-sp41   0.0148 0.1655 -0.3214  0.0191  0.3162 1.0105 1200
scale(small_tree)-sp42   0.1235 0.1478 -0.1578  0.1205  0.4224 1.0029 1200
scale(small_tree)-sp43   0.1624 0.1545 -0.1360  0.1549  0.4835 1.0048 1200
scale(small_tree)-sp44  -0.0546 0.1528 -0.3849 -0.0507  0.2353 1.0089 1200
scale(small_tree)-sp45   0.0273 0.1538 -0.2645  0.0274  0.3153 1.0218 1200
scale(small_tree)-sp46   0.0688 0.1707 -0.2678  0.0673  0.4070 0.9996 1200
scale(small_tree)-sp47   0.0365 0.1888 -0.3436  0.0351  0.4136 1.0014 1123
scale(small_tree)-sp48   0.0550 0.1850 -0.3281  0.0587  0.3996 1.0030 1078
scale(small_tree)-sp49   0.0865 0.1410 -0.1837  0.0883  0.3545 1.0030 1200
scale(small_tree)-sp50   0.0928 0.1796 -0.2562  0.0881  0.4465 1.0120 1200
scale(small_tree)-sp51   0.1825 0.1704 -0.1387  0.1827  0.5354 1.0065 1200
scale(small_tree)-sp52   0.0797 0.1846 -0.2661  0.0738  0.4471 1.0053 1074
scale(small_tree)-sp53   0.0674 0.1821 -0.2754  0.0637  0.4360 1.0019 1322
scale(small_tree)-sp54   0.1161 0.1684 -0.2088  0.1170  0.4544 1.0099 1320
scale(small_tree)-sp55   0.0683 0.1474 -0.2322  0.0732  0.3557 1.0041 1200
scale(small_tree)-sp56  -0.0012 0.1475 -0.3020  0.0025  0.2803 1.0065 1200
scale(small_tree)-sp57   0.2251 0.1377 -0.0286  0.2202  0.5133 1.0040 1200
scale(small_tree)-sp58   0.0562 0.1369 -0.2224  0.0617  0.3324 1.0035 1094
scale(small_tree)-sp59   0.1041 0.1704 -0.2410  0.1074  0.4264 1.0091 1080
scale(small_tree)-sp60   0.1155 0.1618 -0.1868  0.1127  0.4509 1.0005 1200
scale(small_tree)-sp61   0.0371 0.1721 -0.2923  0.0356  0.3858 1.0098 1344
scale(small_tree)-sp62   0.1283 0.1566 -0.1722  0.1211  0.4519 1.0032 1200
scale(small_tree)-sp63   0.0392 0.1649 -0.2785  0.0458  0.3621 0.9992 1093
scale(small_tree)-sp64   0.0611 0.1830 -0.2802  0.0591  0.4406 1.0000 1200
scale(small_tree)-sp65   0.0669 0.1813 -0.2843  0.0692  0.4141 1.0034  963
scale(small_tree)-sp66   0.0076 0.1728 -0.3158  0.0073  0.3415 1.0010 1200
scale(small_tree)-sp67   0.0201 0.1638 -0.3026  0.0228  0.3397 1.0082 1200
scale(small_tree)-sp68   0.0336 0.1645 -0.2897  0.0327  0.3500 1.0001 1200
scale(small_tree)-sp69   0.0773 0.1715 -0.2485  0.0703  0.4283 1.0006 1200
scale(small_tree)-sp70   0.0434 0.1783 -0.3210  0.0393  0.3876 1.0059 1200
scale(small_tree)-sp71   0.0647 0.1858 -0.3023  0.0687  0.4267 1.0021 1200
scale(small_tree)-sp72  -0.0348 0.1738 -0.3828 -0.0320  0.2827 1.0041 1200
scale(small_tree)-sp73   0.0523 0.1725 -0.2839  0.0499  0.3866 1.0018 1200
scale(small_tree)-sp74   0.0580 0.1889 -0.3168  0.0559  0.4429 1.0013 1200
scale(small_tree)-sp75   0.0336 0.1701 -0.2935  0.0312  0.3883 1.0019 1065
scale(small_tree)-sp76  -0.0729 0.1554 -0.3974 -0.0625  0.2097 1.0104 1200
scale(small_tree)-sp77   0.0521 0.1757 -0.3131  0.0532  0.3796 1.0007 1200
scale(small_tree)-sp78   0.0410 0.1864 -0.3486  0.0417  0.3965 0.9997 1200
scale(small_tree)-sp79   0.1732 0.1892 -0.1887  0.1750  0.5474 1.0022 1200
scale(small_tree)-sp80   0.1236 0.1705 -0.1974  0.1230  0.4766 1.0041 1200
scale(small_tree)-sp81   0.0484 0.1913 -0.3385  0.0513  0.4134 1.0030 1376
scale(small_tree)-sp82   0.0959 0.1368 -0.1714  0.0978  0.3678 1.0020 1200
scale(small_tree)-sp83   0.0689 0.1792 -0.2848  0.0639  0.4352 1.0036 1200
scale(small_tree)-sp84   0.0689 0.1505 -0.2330  0.0692  0.3542 1.0031 1304
scale(small_tree)-sp85   0.0969 0.1341 -0.1566  0.0958  0.3699 0.9990 1200
scale(small_tree)-sp86   0.0518 0.1686 -0.2997  0.0570  0.3694 1.0014 1085
scale(small_tree)-sp87   0.0703 0.1865 -0.3022  0.0705  0.4433 1.0078 1200
scale(small_tree)-sp88   0.0439 0.1567 -0.2745  0.0445  0.3466 1.0042 1200
scale(small_tree)-sp89   0.0959 0.1737 -0.2292  0.0929  0.4465 1.0013 1200
scale(small_tree)-sp90   0.0430 0.1853 -0.3311  0.0436  0.4191 1.0014 1312
scale(small_tree)-sp91   0.1061 0.1675 -0.2095  0.1010  0.4323 1.0023 1200
scale(small_tree)-sp92   0.0631 0.1895 -0.3016  0.0678  0.4153 1.0040 1200
scale(small_tree)-sp93   0.0038 0.1445 -0.2675  0.0016  0.2968 1.0051 1200
scale(small_tree)-sp94   0.1115 0.1656 -0.2065  0.1040  0.4576 1.0056 1347
scale(small_tree)-sp95   0.0692 0.1731 -0.2586  0.0668  0.4106 1.0076 1200
scale(small_tree)-sp96   0.0120 0.1615 -0.3178  0.0135  0.3212 1.0049 1337
scale(small_tree)-sp97   0.0428 0.1790 -0.3021  0.0427  0.3956 0.9995 1200
scale(small_tree)-sp98   0.0114 0.1790 -0.3477  0.0131  0.3501 1.0235 1200
scale(small_tree)-sp99   0.0822 0.1833 -0.2763  0.0768  0.4474 1.0091 1200
scale(small_tree)-sp100  0.0033 0.1439 -0.2853 -0.0003  0.2960 0.9995 1200
scale(small_tree)-sp101  0.0714 0.1732 -0.2841  0.0776  0.3821 1.0003 1200
scale(small_tree)-sp102  0.0251 0.1444 -0.2452  0.0202  0.3211 1.0026 1200
scale(small_tree)-sp103  0.0189 0.1657 -0.3278  0.0244  0.3213 1.0015 1200
scale(small_tree)-sp104  0.2064 0.1837 -0.1323  0.1964  0.5848 1.0038 1200
scale(shrub)-sp1         0.2490 0.2048 -0.1385  0.2501  0.6738 1.0026 1200
scale(shrub)-sp2        -0.2691 0.2808 -0.8248 -0.2569  0.2436 1.0000 1200
scale(shrub)-sp3        -0.2427 0.1954 -0.6169 -0.2433  0.1389 1.0063 1200
scale(shrub)-sp4        -0.0547 0.2449 -0.5518 -0.0566  0.4406 0.9990 1200
scale(shrub)-sp5        -0.2818 0.2843 -0.8634 -0.2696  0.2461 1.0101 1369
scale(shrub)-sp6        -0.1338 0.2303 -0.5997 -0.1437  0.3308 1.0012 1200
scale(shrub)-sp7        -0.2455 0.2094 -0.6392 -0.2476  0.1682 1.0076 1082
scale(shrub)-sp8        -0.1911 0.2645 -0.7456 -0.1915  0.3304 1.0033 1200
scale(shrub)-sp9        -0.1922 0.2700 -0.6874 -0.1907  0.3467 1.0021 1200
scale(shrub)-sp10       -0.2919 0.2716 -0.8561 -0.2825  0.2235 1.0041 1200
scale(shrub)-sp11       -0.2755 0.2804 -0.8833 -0.2587  0.2409 1.0051 1200
scale(shrub)-sp12       -0.1443 0.1947 -0.5044 -0.1441  0.2379 1.0083 1200
scale(shrub)-sp13       -0.1975 0.2424 -0.6860 -0.1930  0.2835 1.0009 1200
scale(shrub)-sp14       -0.0820 0.2503 -0.5351 -0.0904  0.4107 1.0024 1200
scale(shrub)-sp15       -0.1151 0.2351 -0.5706 -0.1215  0.3454 1.0008 1200
scale(shrub)-sp16       -0.1635 0.2149 -0.5596 -0.1696  0.2867 1.0049 1200
scale(shrub)-sp17       -0.2145 0.2230 -0.6622 -0.2181  0.2235 1.0072 1362
scale(shrub)-sp18       -0.1640 0.2812 -0.7057 -0.1682  0.4108 1.0017 1200
scale(shrub)-sp19       -0.0105 0.2243 -0.4217 -0.0234  0.4453 1.0008 1200
scale(shrub)-sp20       -0.2186 0.2869 -0.7729 -0.2082  0.3342 0.9999 1200
scale(shrub)-sp21       -0.1485 0.2338 -0.6218 -0.1493  0.3100 1.0019 1122
scale(shrub)-sp22       -0.3302 0.2660 -0.8828 -0.3333  0.1941 1.0006 1200
scale(shrub)-sp23       -0.2224 0.2773 -0.7750 -0.2276  0.3086 1.0009 1200
scale(shrub)-sp24       -0.2412 0.2598 -0.7540 -0.2410  0.2696 1.0036  909
scale(shrub)-sp25       -0.1504 0.2460 -0.6269 -0.1561  0.3233 1.0004 1200
scale(shrub)-sp26       -0.2865 0.2549 -0.7985 -0.2767  0.1921 1.0100 1200
scale(shrub)-sp27       -0.2538 0.2042 -0.6561 -0.2509  0.1411 1.0036 1200
scale(shrub)-sp28       -0.6794 0.2214 -1.1477 -0.6637 -0.2850 1.0026 1200
scale(shrub)-sp29       -0.2232 0.2812 -0.7940 -0.2311  0.3202 1.0034 1200
scale(shrub)-sp30       -0.1283 0.2093 -0.5216 -0.1326  0.2894 1.0048 1145
scale(shrub)-sp31       -0.3930 0.2370 -0.8763 -0.3949  0.0734 1.0125 1200
scale(shrub)-sp32       -0.2661 0.2893 -0.8437 -0.2724  0.3577 1.0087 1200
scale(shrub)-sp33       -0.5561 0.2385 -1.0497 -0.5413 -0.1009 1.0045 1200
scale(shrub)-sp34       -0.2362 0.2413 -0.7308 -0.2390  0.2505 1.0037 1200
scale(shrub)-sp35       -0.4589 0.2064 -0.8574 -0.4614 -0.0612 1.0105 1200
scale(shrub)-sp36       -0.0566 0.2203 -0.4730 -0.0607  0.3750 1.0000 1200
scale(shrub)-sp37       -0.1819 0.2439 -0.6652 -0.1860  0.3009 1.0026 1200
scale(shrub)-sp38       -0.2717 0.2360 -0.7352 -0.2735  0.1869 1.0035 1200
scale(shrub)-sp39       -0.2447 0.2443 -0.7448 -0.2435  0.2140 1.0021 1200
scale(shrub)-sp40       -0.2189 0.2725 -0.7608 -0.2165  0.3128 1.0037 1200
scale(shrub)-sp41       -0.2370 0.2193 -0.6662 -0.2371  0.1868 1.0275 1261
scale(shrub)-sp42       -0.1761 0.1943 -0.5463 -0.1747  0.2061 1.0105 1578
scale(shrub)-sp43       -0.1036 0.2143 -0.4926 -0.1104  0.3641 1.0007 1200
scale(shrub)-sp44       -0.2960 0.2263 -0.7550 -0.2940  0.1298 1.0007 1200
scale(shrub)-sp45       -0.4308 0.2544 -0.9790 -0.4154  0.0419 1.0180 1140
scale(shrub)-sp46       -0.0871 0.2547 -0.5712 -0.0920  0.4191 1.0021 1105
scale(shrub)-sp47       -0.1332 0.2472 -0.6015 -0.1345  0.3631 1.0005 1701
scale(shrub)-sp48       -0.1768 0.2768 -0.6970 -0.1800  0.3664 1.0028 1200
scale(shrub)-sp49       -0.2265 0.1796 -0.5725 -0.2259  0.1218 1.0046 1025
scale(shrub)-sp50       -0.2719 0.2714 -0.8150 -0.2654  0.2826 1.0008 1200
scale(shrub)-sp51       -0.3202 0.2575 -0.8336 -0.3162  0.2098 1.0094  973
scale(shrub)-sp52       -0.1722 0.2858 -0.7316 -0.1800  0.3771 1.0077 1200
scale(shrub)-sp53       -0.2269 0.2606 -0.7478 -0.2230  0.2583 1.0083 1200
scale(shrub)-sp54        0.0222 0.2550 -0.4703  0.0217  0.5359 1.0018 1200
scale(shrub)-sp55       -0.0086 0.2086 -0.4005 -0.0084  0.4253 1.0140 1462
scale(shrub)-sp56        0.0486 0.1858 -0.2895  0.0498  0.4249 1.0011 1200
scale(shrub)-sp57       -0.3687 0.1729 -0.7130 -0.3650 -0.0339 1.0090 1200
scale(shrub)-sp58       -0.2629 0.1856 -0.6362 -0.2657  0.0976 1.0189 1149
scale(shrub)-sp59       -0.1659 0.2440 -0.6380 -0.1635  0.3072 1.0056 1332
scale(shrub)-sp60       -0.2241 0.2265 -0.6728 -0.2239  0.2262 1.0000 1200
scale(shrub)-sp61       -0.2451 0.2550 -0.7500 -0.2372  0.2418 1.0032 1200
scale(shrub)-sp62       -0.3231 0.2205 -0.7775 -0.3143  0.1150 1.0061 1200
scale(shrub)-sp63       -0.2203 0.2192 -0.6491 -0.2171  0.1997 1.0090 1508
scale(shrub)-sp64       -0.2017 0.2580 -0.7378 -0.2053  0.2936 1.0065 1200
scale(shrub)-sp65       -0.2826 0.2839 -0.8802 -0.2877  0.2450 1.0054 1200
scale(shrub)-sp66       -0.3428 0.2489 -0.8466 -0.3381  0.1095 1.0023 1200
scale(shrub)-sp67       -0.5201 0.2653 -1.1092 -0.5040 -0.0425 1.0037 1200
scale(shrub)-sp68       -0.1124 0.2260 -0.5356 -0.1050  0.3248 1.0024 1200
scale(shrub)-sp69       -0.2786 0.2601 -0.7897 -0.2718  0.2304 1.0276 1320
scale(shrub)-sp70       -0.2720 0.2779 -0.8717 -0.2656  0.2662 1.0166 1200
scale(shrub)-sp71       -0.2137 0.2859 -0.7774 -0.2123  0.3359 1.0059 1326
scale(shrub)-sp72       -0.3067 0.2197 -0.7206 -0.3152  0.0979 1.0138 1200
scale(shrub)-sp73       -0.2521 0.2361 -0.7416 -0.2452  0.2237 1.0036 1200
scale(shrub)-sp74       -0.2734 0.2678 -0.8510 -0.2677  0.2489 1.0067 1406
scale(shrub)-sp75       -0.2202 0.2375 -0.6542 -0.2255  0.2687 1.0072 1200
scale(shrub)-sp76       -0.1207 0.2121 -0.5231 -0.1230  0.3149 1.0050 1200
scale(shrub)-sp77       -0.3168 0.2591 -0.8608 -0.3129  0.1594 1.0095 1200
scale(shrub)-sp78       -0.3207 0.2681 -0.8669 -0.3133  0.1785 1.0096 1200
scale(shrub)-sp79       -0.2987 0.2630 -0.8176 -0.3001  0.2285 1.0065 1200
scale(shrub)-sp80       -0.2266 0.2611 -0.7476 -0.2250  0.2751 1.0151 1200
scale(shrub)-sp81       -0.2019 0.2447 -0.6866 -0.2063  0.2989 1.0071 1200
scale(shrub)-sp82       -0.3239 0.1886 -0.7012 -0.3193  0.0274 1.0064 1200
scale(shrub)-sp83       -0.2716 0.2793 -0.8264 -0.2663  0.2852 1.0150 1200
scale(shrub)-sp84        0.1417 0.2167 -0.2347  0.1302  0.5738 1.0137 1312
scale(shrub)-sp85       -0.3482 0.1784 -0.7286 -0.3477 -0.0024 1.0098 1200
scale(shrub)-sp86       -0.1685 0.2405 -0.6543 -0.1721  0.3035 1.0168 1200
scale(shrub)-sp87       -0.2255 0.2762 -0.7851 -0.2195  0.3234 1.0017 1200
scale(shrub)-sp88       -0.3713 0.2619 -0.9140 -0.3635  0.1354 1.0051 1328
scale(shrub)-sp89        0.0079 0.2498 -0.4610 -0.0036  0.4933 1.0050 1200
scale(shrub)-sp90       -0.2174 0.2571 -0.7043 -0.2267  0.3119 1.0070 1200
scale(shrub)-sp91        0.0130 0.2269 -0.4198  0.0064  0.4804 1.0006 1200
scale(shrub)-sp92       -0.2187 0.2742 -0.7526 -0.2180  0.3047 1.0058 1200
scale(shrub)-sp93       -0.4631 0.2184 -0.9239 -0.4587 -0.0538 1.0013 1200
scale(shrub)-sp94       -0.0857 0.2505 -0.5442 -0.0976  0.4129 1.0027 1030
scale(shrub)-sp95       -0.1649 0.2653 -0.6810 -0.1688  0.3690 1.0029  954
scale(shrub)-sp96       -0.2093 0.2414 -0.6819 -0.2038  0.2899 0.9996 1200
scale(shrub)-sp97       -0.3364 0.2702 -0.8785 -0.3427  0.2017 1.0047 1199
scale(shrub)-sp98       -0.1385 0.2633 -0.6456 -0.1421  0.3564 1.0060 1200
scale(shrub)-sp99       -0.1863 0.2668 -0.7324 -0.1882  0.3155 1.0001 1200
scale(shrub)-sp100       0.0277 0.2005 -0.3582  0.0163  0.4550 0.9999 1196
scale(shrub)-sp101      -0.2525 0.2578 -0.7884 -0.2430  0.2319 1.0031 1200
scale(shrub)-sp102      -0.3709 0.2056 -0.7947 -0.3628  0.0194 1.0148 1200
scale(shrub)-sp103      -0.1329 0.2367 -0.5891 -0.1348  0.3673 1.0077 1200
scale(shrub)-sp104      -0.1720 0.2577 -0.6900 -0.1717  0.3249 1.0036 1200
scale(hydro)-sp1        -0.0878 0.1902 -0.4553 -0.0827  0.2568 1.0024 1386
scale(hydro)-sp2         0.1658 0.2093 -0.2796  0.1760  0.5766 1.0041 1200
scale(hydro)-sp3         0.1915 0.1774 -0.1398  0.1916  0.5269 1.0004 1200
scale(hydro)-sp4         0.2441 0.1993 -0.1322  0.2398  0.6537 1.0021 1510
scale(hydro)-sp5         0.1632 0.2127 -0.2460  0.1721  0.5614 1.0065 1200
scale(hydro)-sp6         0.2026 0.1887 -0.1458  0.2079  0.5653 1.0013 1200
scale(hydro)-sp7         0.2465 0.1962 -0.1155  0.2421  0.6603 1.0119 1200
scale(hydro)-sp8         0.1737 0.2182 -0.2436  0.1779  0.6071 1.0041 1200
scale(hydro)-sp9         0.1325 0.2094 -0.2810  0.1324  0.5255 1.0330  985
scale(hydro)-sp10        0.1971 0.2081 -0.2031  0.1971  0.6197 1.0087 1200
scale(hydro)-sp11        0.2230 0.2178 -0.1997  0.2205  0.6646 1.0030 1200
scale(hydro)-sp12        0.3364 0.1825 -0.0071  0.3402  0.7166 1.0001 1370
scale(hydro)-sp13        0.2408 0.1973 -0.1535  0.2435  0.6169 1.0105 1200
scale(hydro)-sp14        0.2409 0.2053 -0.1532  0.2327  0.6405 1.0058 1333
scale(hydro)-sp15        0.3202 0.1912 -0.0502  0.3165  0.6903 1.0196 1200
scale(hydro)-sp16        0.1984 0.1896 -0.1619  0.1912  0.5875 0.9998 1312
scale(hydro)-sp17        0.1889 0.2033 -0.2037  0.1932  0.5765 1.0030 1200
scale(hydro)-sp18        0.2483 0.2179 -0.1841  0.2452  0.6900 1.0045 1032
scale(hydro)-sp19        0.1976 0.1892 -0.1724  0.2040  0.5561 1.0001 1200
scale(hydro)-sp20        0.1912 0.2099 -0.2347  0.1977  0.6072 1.0128 1510
scale(hydro)-sp21        0.2461 0.1949 -0.1377  0.2428  0.6350 1.0008 1200
scale(hydro)-sp22        0.1535 0.1966 -0.2431  0.1540  0.5361 1.0218 1069
scale(hydro)-sp23        0.2076 0.2236 -0.2283  0.1970  0.6692 1.0006 1360
scale(hydro)-sp24        0.1729 0.2007 -0.2153  0.1706  0.5641 1.0003 1229
scale(hydro)-sp25        0.1423 0.1999 -0.2893  0.1453  0.5336 1.0003 1237
scale(hydro)-sp26        0.2401 0.2015 -0.1514  0.2374  0.6581 1.0147 1200
scale(hydro)-sp27        0.2774 0.1763 -0.0684  0.2774  0.6266 1.0056 1200
scale(hydro)-sp28        0.1506 0.1773 -0.2134  0.1556  0.4900 1.0043 1200
scale(hydro)-sp29        0.2000 0.2207 -0.2690  0.2019  0.6102 1.0013 1360
scale(hydro)-sp30        0.1584 0.1874 -0.2394  0.1681  0.5009 1.0036 1099
scale(hydro)-sp31        0.1057 0.1967 -0.2811  0.1104  0.4990 1.0362 1200
scale(hydro)-sp32        0.1756 0.2129 -0.2573  0.1818  0.5931 1.0103 1200
scale(hydro)-sp33        0.1510 0.1905 -0.2409  0.1547  0.5205 1.0004 1200
scale(hydro)-sp34        0.1197 0.2021 -0.3083  0.1290  0.4874 1.0067 1333
scale(hydro)-sp35        0.4487 0.1752  0.1219  0.4481  0.7919 1.0043 1200
scale(hydro)-sp36        0.1070 0.1964 -0.3040  0.1143  0.4735 1.0093 1422
scale(hydro)-sp37        0.2397 0.2029 -0.1702  0.2416  0.6217 1.0060 1200
scale(hydro)-sp38        0.2293 0.1907 -0.1238  0.2321  0.6148 1.0022 1818
scale(hydro)-sp39        0.2801 0.1942 -0.0914  0.2842  0.6740 1.0024 1355
scale(hydro)-sp40        0.2403 0.2058 -0.1771  0.2401  0.6557 1.0010 1200
scale(hydro)-sp41        0.2117 0.1870 -0.1559  0.2065  0.6083 1.0028 1200
scale(hydro)-sp42        0.1978 0.1756 -0.1438  0.2027  0.5498 1.0046 1075
scale(hydro)-sp43        0.1924 0.1857 -0.1758  0.1860  0.5568 1.0014 1200
scale(hydro)-sp44        0.1414 0.1838 -0.2344  0.1397  0.4964 1.0004 1200
scale(hydro)-sp45        0.0604 0.1978 -0.3279  0.0671  0.4267 1.0041 1200
scale(hydro)-sp46        0.2430 0.2006 -0.1506  0.2442  0.6434 1.0077 1200
scale(hydro)-sp47        0.2345 0.1891 -0.1171  0.2350  0.5991 1.0078 1200
scale(hydro)-sp48        0.2157 0.2113 -0.2072  0.2171  0.6230 1.0038 1200
scale(hydro)-sp49        0.3357 0.1776 -0.0015  0.3289  0.6947 1.0123 1200
scale(hydro)-sp50        0.2278 0.2146 -0.2061  0.2270  0.6630 1.0039 1200
scale(hydro)-sp51        0.1327 0.2120 -0.3026  0.1296  0.5495 1.0054 1200
scale(hydro)-sp52        0.2644 0.2113 -0.1554  0.2660  0.6737 1.0085  900
scale(hydro)-sp53        0.1700 0.2102 -0.2697  0.1796  0.5530 1.0103 1047
scale(hydro)-sp54        0.2528 0.2028 -0.1515  0.2511  0.6524 1.0071 1200
scale(hydro)-sp55        0.1617 0.1884 -0.2083  0.1630  0.5154 1.0010  816
scale(hydro)-sp56        0.1002 0.1709 -0.2304  0.1079  0.4118 1.0149 1200
scale(hydro)-sp57        0.1485 0.1636 -0.1792  0.1483  0.4614 1.0117 1399
scale(hydro)-sp58        0.4160 0.1784  0.0841  0.4103  0.7915 1.0024 1200
scale(hydro)-sp59        0.2915 0.1807 -0.0502  0.2813  0.6589 1.0014 1200
scale(hydro)-sp60        0.2552 0.1811 -0.1027  0.2521  0.6082 1.0079 1200
scale(hydro)-sp61        0.0999 0.2137 -0.3247  0.1091  0.4936 1.0073 1200
scale(hydro)-sp62        0.3233 0.1889 -0.0408  0.3222  0.6927 1.0216 1102
scale(hydro)-sp63        0.1815 0.1965 -0.2107  0.1765  0.5657 1.0126 1200
scale(hydro)-sp64        0.2084 0.2027 -0.1807  0.2036  0.6126 1.0035 1200
scale(hydro)-sp65        0.1581 0.2140 -0.2737  0.1652  0.5845 1.0419 1200
scale(hydro)-sp66        0.1171 0.2043 -0.3143  0.1179  0.5028 1.0008 1200
scale(hydro)-sp67        0.1127 0.1973 -0.3073  0.1162  0.4830 1.0004 1369
scale(hydro)-sp68        0.1182 0.1953 -0.2826  0.1239  0.4888 1.0048 1384
scale(hydro)-sp69        0.1617 0.2138 -0.2692  0.1615  0.6088 1.0058 1200
scale(hydro)-sp70        0.2356 0.2096 -0.1680  0.2329  0.6573 1.0011 1200
scale(hydro)-sp71        0.1989 0.2071 -0.2182  0.2029  0.6017 1.0015 1200
scale(hydro)-sp72        0.2347 0.1787 -0.1137  0.2335  0.5857 1.0054 1200
scale(hydro)-sp73        0.1737 0.1894 -0.2170  0.1711  0.5151 1.0048 1200
scale(hydro)-sp74        0.2302 0.2097 -0.1907  0.2247  0.6576 1.0004 1200
scale(hydro)-sp75        0.2319 0.2012 -0.1619  0.2288  0.6325 0.9991 1200
scale(hydro)-sp76        0.1746 0.1922 -0.2013  0.1708  0.5603 1.0043 1200
scale(hydro)-sp77        0.1419 0.2013 -0.2753  0.1429  0.5274 1.0016 1248
scale(hydro)-sp78        0.1458 0.2129 -0.2816  0.1590  0.5418 1.0130 1200
scale(hydro)-sp79        0.1729 0.2201 -0.2766  0.1710  0.6143 1.0004 1200
scale(hydro)-sp80        0.0917 0.2028 -0.3257  0.0997  0.4589 1.0126 1090
scale(hydro)-sp81        0.2074 0.2144 -0.2081  0.2153  0.6223 1.0032  592
scale(hydro)-sp82        0.1501 0.1584 -0.1750  0.1541  0.4636 0.9994 1200
scale(hydro)-sp83        0.1585 0.2203 -0.2973  0.1607  0.5909 1.0249 1200
scale(hydro)-sp84        0.2320 0.1847 -0.1377  0.2277  0.5840 1.0008 1200
scale(hydro)-sp85        0.4400 0.1670  0.1295  0.4341  0.7854 1.0088 1200
scale(hydro)-sp86        0.2662 0.1893 -0.0996  0.2658  0.6470 1.0087 1311
scale(hydro)-sp87        0.1954 0.2129 -0.2452  0.1960  0.6083 0.9995 1200
scale(hydro)-sp88        0.2413 0.1930 -0.1275  0.2407  0.6373 1.0036 1200
scale(hydro)-sp89        0.3132 0.2092 -0.0666  0.3007  0.7614 1.0001 1200
scale(hydro)-sp90        0.1966 0.2126 -0.2111  0.1870  0.6219 1.0387 1200
scale(hydro)-sp91        0.1833 0.1894 -0.1906  0.1875  0.5540 1.0002 1200
scale(hydro)-sp92        0.2029 0.2109 -0.2254  0.2022  0.5978 1.0083 1200
scale(hydro)-sp93        0.3372 0.1727 -0.0011  0.3365  0.6814 1.0021 1200
scale(hydro)-sp94        0.2639 0.2023 -0.1288  0.2614  0.6739 1.0088 1200
scale(hydro)-sp95        0.2676 0.2111 -0.1483  0.2662  0.6984 1.0074 1035
scale(hydro)-sp96        0.2288 0.1863 -0.1310  0.2186  0.6171 1.0009  922
scale(hydro)-sp97        0.1859 0.2115 -0.2245  0.1885  0.6147 1.0017 1200
scale(hydro)-sp98        0.2023 0.2153 -0.2188  0.2103  0.6041 1.0078 1162
scale(hydro)-sp99        0.2696 0.2036 -0.0974  0.2616  0.6709 1.0004 1187
scale(hydro)-sp100       0.0881 0.1780 -0.2642  0.0902  0.4473 1.0004 1200
scale(hydro)-sp101       0.2515 0.2063 -0.1439  0.2500  0.6881 1.0035 1200
scale(hydro)-sp102       0.2212 0.1779 -0.1232  0.2200  0.5793 1.0022 1043
scale(hydro)-sp103       0.2588 0.2003 -0.1257  0.2590  0.6439 1.0290  950
scale(hydro)-sp104       0.2197 0.1961 -0.1843  0.2211  0.6056 0.9992 1078
scale(subcanopy)-sp1    -0.1797 0.1537 -0.4902 -0.1774  0.1075 0.9995 1200
scale(subcanopy)-sp2    -0.0276 0.2219 -0.4620 -0.0176  0.3917 1.0002 1200
scale(subcanopy)-sp3     0.0118 0.1706 -0.2984  0.0105  0.3450 1.0011 1200
scale(subcanopy)-sp4    -0.0167 0.2146 -0.4308 -0.0164  0.3978 1.0019 1200
scale(subcanopy)-sp5    -0.0663 0.2273 -0.5279 -0.0679  0.3583 1.0083 1114
scale(subcanopy)-sp6    -0.0774 0.1983 -0.4940 -0.0696  0.2900 1.0073 1489
scale(subcanopy)-sp7    -0.0493 0.1694 -0.3786 -0.0544  0.2981 1.0013 1200
scale(subcanopy)-sp8    -0.0250 0.2160 -0.4542 -0.0217  0.4068 1.0002 1200
scale(subcanopy)-sp9    -0.0951 0.2207 -0.5570 -0.0884  0.3307 1.0021 1478
scale(subcanopy)-sp10    0.0517 0.2228 -0.3744  0.0507  0.5156 1.0084 1200
scale(subcanopy)-sp11   -0.0687 0.2247 -0.5167 -0.0637  0.3621 1.0074 1200
scale(subcanopy)-sp12   -0.0343 0.1714 -0.3827 -0.0358  0.3090 1.0103 1200
scale(subcanopy)-sp13   -0.0844 0.2189 -0.5378 -0.0783  0.3228 1.0098 1200
scale(subcanopy)-sp14    0.0542 0.2213 -0.3517  0.0437  0.5198 1.0107 1200
scale(subcanopy)-sp15    0.1489 0.1998 -0.2345  0.1423  0.5583 1.0022 1200
scale(subcanopy)-sp16   -0.0579 0.1845 -0.4109 -0.0580  0.2925 1.0024 1200
scale(subcanopy)-sp17    0.1484 0.1928 -0.1970  0.1324  0.5648 0.9992 1200
scale(subcanopy)-sp18    0.0100 0.2202 -0.4164  0.0097  0.4546 1.0010 1200
scale(subcanopy)-sp19   -0.1454 0.1950 -0.5325 -0.1502  0.2500 1.0015 1200
scale(subcanopy)-sp20   -0.0366 0.2325 -0.4957 -0.0420  0.4412 1.0077 1336
scale(subcanopy)-sp21    0.0897 0.1942 -0.2724  0.0778  0.4965 1.0025 1200
scale(subcanopy)-sp22   -0.1000 0.2338 -0.5700 -0.0954  0.3553 1.0008 1109
scale(subcanopy)-sp23   -0.0277 0.2293 -0.4891 -0.0223  0.4168 1.0162 1200
scale(subcanopy)-sp24    0.0588 0.2189 -0.3651  0.0577  0.5078 1.0118 1200
scale(subcanopy)-sp25   -0.0965 0.2152 -0.5227 -0.0975  0.3332 1.0028 1200
scale(subcanopy)-sp26    0.0468 0.2210 -0.3671  0.0346  0.5090 0.9993 1200
scale(subcanopy)-sp27    0.1038 0.1837 -0.2397  0.0988  0.4772 1.0061 1200
scale(subcanopy)-sp28   -0.0920 0.1736 -0.4483 -0.0891  0.2385 1.0074 1200
scale(subcanopy)-sp29   -0.0491 0.2227 -0.4755 -0.0416  0.3975 1.0049 1200
scale(subcanopy)-sp30   -0.1371 0.1839 -0.4998 -0.1410  0.2324 1.0162 1200
scale(subcanopy)-sp31   -0.0230 0.1970 -0.4238 -0.0253  0.3720 1.0005 1200
scale(subcanopy)-sp32   -0.0683 0.2278 -0.4935 -0.0696  0.3773 1.0011 1200
scale(subcanopy)-sp33   -0.0541 0.1821 -0.4069 -0.0560  0.3115 1.0086 1386
scale(subcanopy)-sp34   -0.1648 0.2146 -0.5918 -0.1600  0.2334 1.0124 1200
scale(subcanopy)-sp35   -0.0988 0.1646 -0.4215 -0.0935  0.2050 1.0029 1200
scale(subcanopy)-sp36   -0.0093 0.1760 -0.3652 -0.0076  0.3271 1.0032 1200
scale(subcanopy)-sp37    0.1032 0.2147 -0.2807  0.0970  0.5547 1.0044 1200
scale(subcanopy)-sp38   -0.1227 0.2071 -0.5588 -0.1127  0.2630 0.9997 1200
scale(subcanopy)-sp39   -0.1541 0.2158 -0.6016 -0.1480  0.2470 1.0037 1320
scale(subcanopy)-sp40   -0.0843 0.2250 -0.5421 -0.0780  0.3717 1.0094 1200
scale(subcanopy)-sp41    0.0022 0.1791 -0.3393 -0.0018  0.3619 1.0075 1270
scale(subcanopy)-sp42   -0.0434 0.1847 -0.4072 -0.0455  0.3325 1.0017 1200
scale(subcanopy)-sp43    0.0439 0.2093 -0.3406  0.0244  0.4888 1.0017 1200
scale(subcanopy)-sp44   -0.1205 0.1900 -0.5235 -0.1161  0.2348 1.0023 1235
scale(subcanopy)-sp45   -0.1320 0.2091 -0.5922 -0.1185  0.2467 1.0011 1200
scale(subcanopy)-sp46    0.0124 0.1990 -0.3587  0.0054  0.4090 1.0074 1200
scale(subcanopy)-sp47   -0.0181 0.2274 -0.4402 -0.0268  0.4489 1.0136 1321
scale(subcanopy)-sp48   -0.0579 0.2306 -0.5291 -0.0576  0.3968 1.0092 1084
scale(subcanopy)-sp49    0.0689 0.1541 -0.2179  0.0644  0.3746 1.0072 1058
scale(subcanopy)-sp50   -0.0718 0.2277 -0.5166 -0.0682  0.3719 1.0016 1200
scale(subcanopy)-sp51    0.1487 0.2290 -0.2695  0.1412  0.6069 1.0072 1200
scale(subcanopy)-sp52    0.1088 0.2221 -0.3017  0.0958  0.5590 1.0012 1200
scale(subcanopy)-sp53   -0.0460 0.2184 -0.4907 -0.0449  0.3702 1.0022 1321
scale(subcanopy)-sp54   -0.0044 0.2022 -0.4004 -0.0122  0.3874 1.0042 1089
scale(subcanopy)-sp55   -0.0678 0.1837 -0.4252 -0.0642  0.2935 1.0081 1200
scale(subcanopy)-sp56   -0.0303 0.1576 -0.3309 -0.0337  0.2927 1.0011 1200
scale(subcanopy)-sp57   -0.0913 0.1487 -0.3867 -0.0877  0.1954 1.0106 1308
scale(subcanopy)-sp58   -0.0563 0.1492 -0.3512 -0.0550  0.2329 1.0107 1200
scale(subcanopy)-sp59   -0.0642 0.2130 -0.5058 -0.0604  0.3413 1.0006 1200
scale(subcanopy)-sp60    0.1431 0.1950 -0.2241  0.1345  0.5263 1.0007  925
scale(subcanopy)-sp61   -0.0888 0.2138 -0.5226 -0.0814  0.3132 1.0099 1200
scale(subcanopy)-sp62   -0.1607 0.2005 -0.5822 -0.1532  0.2179 1.0032 1200
scale(subcanopy)-sp63    0.0009 0.1998 -0.4012 -0.0089  0.4149 1.0021 1200
scale(subcanopy)-sp64   -0.0523 0.2066 -0.4552 -0.0551  0.3824 1.0030 1200
scale(subcanopy)-sp65    0.0082 0.2199 -0.4177  0.0049  0.4876 1.0019 1200
scale(subcanopy)-sp66    0.0101 0.1999 -0.3932  0.0167  0.4019 1.0006 1200
scale(subcanopy)-sp67   -0.0788 0.2112 -0.5037 -0.0762  0.3290 1.0238 1200
scale(subcanopy)-sp68   -0.0022 0.1817 -0.3595 -0.0023  0.3749 1.0336 1200
scale(subcanopy)-sp69   -0.0327 0.2140 -0.4523 -0.0334  0.4107 1.0012 1371
scale(subcanopy)-sp70   -0.0542 0.2207 -0.4872 -0.0547  0.3998 1.0108 1200
scale(subcanopy)-sp71   -0.0324 0.2352 -0.5107 -0.0301  0.4360 1.0012 1200
scale(subcanopy)-sp72   -0.1170 0.1974 -0.5321 -0.1077  0.2419 0.9994 1200
scale(subcanopy)-sp73    0.0945 0.1999 -0.2793  0.0933  0.4976 1.0063 1200
scale(subcanopy)-sp74   -0.0668 0.2346 -0.5440 -0.0603  0.3815 0.9996 1407
scale(subcanopy)-sp75   -0.0185 0.2115 -0.4123 -0.0243  0.4060 1.0053 1200
scale(subcanopy)-sp76    0.0959 0.2041 -0.2742  0.0899  0.5152 1.0065 1200
scale(subcanopy)-sp77    0.0514 0.2126 -0.3686  0.0440  0.4729 0.9993 1200
scale(subcanopy)-sp78   -0.0971 0.2182 -0.5498 -0.0947  0.3288 0.9998 1200
scale(subcanopy)-sp79   -0.1320 0.2250 -0.5958 -0.1241  0.3025 1.0062 1200
scale(subcanopy)-sp80   -0.0993 0.2192 -0.5948 -0.0859  0.3210 1.0009 1262
scale(subcanopy)-sp81    0.0236 0.2330 -0.4180  0.0158  0.5210 1.0051 1050
scale(subcanopy)-sp82   -0.3538 0.1988 -0.7722 -0.3414  0.0115 1.0016 1200
scale(subcanopy)-sp83   -0.0629 0.2313 -0.5194 -0.0613  0.3762 1.0064 1200
scale(subcanopy)-sp84   -0.0374 0.2079 -0.4369 -0.0517  0.3756 1.0087 1306
scale(subcanopy)-sp85   -0.1569 0.1517 -0.4589 -0.1549  0.1417 0.9999 1200
scale(subcanopy)-sp86   -0.0313 0.2140 -0.4645 -0.0294  0.3887 1.0125 1200
scale(subcanopy)-sp87   -0.0370 0.2275 -0.4983 -0.0362  0.4024 1.0080 1200
scale(subcanopy)-sp88   -0.0746 0.2129 -0.4931 -0.0685  0.3380 1.0103 1467
scale(subcanopy)-sp89   -0.1759 0.2276 -0.6121 -0.1775  0.2800 1.0100 1200
scale(subcanopy)-sp90   -0.1717 0.2241 -0.6544 -0.1560  0.2386 1.0013 1121
scale(subcanopy)-sp91    0.1131 0.1965 -0.2427  0.0967  0.5337 1.0028 1200
scale(subcanopy)-sp92   -0.0262 0.2265 -0.4787 -0.0253  0.4498 1.0005 1200
scale(subcanopy)-sp93   -0.0679 0.1799 -0.4380 -0.0666  0.2763 1.0013 1200
scale(subcanopy)-sp94    0.0808 0.2305 -0.3439  0.0693  0.5781 1.0107 1200
scale(subcanopy)-sp95    0.0190 0.2226 -0.4090  0.0169  0.4690 1.0009 1200
scale(subcanopy)-sp96   -0.0883 0.2119 -0.5212 -0.0823  0.3318 1.0149 1200
scale(subcanopy)-sp97   -0.0889 0.2132 -0.5203 -0.0791  0.3007 1.0068 1116
scale(subcanopy)-sp98   -0.0099 0.2119 -0.4147 -0.0077  0.4037 1.0002 1200
scale(subcanopy)-sp99   -0.0057 0.2221 -0.4259 -0.0112  0.4642 1.0001 1320
scale(subcanopy)-sp100   0.0486 0.1945 -0.2948  0.0372  0.4735 1.0022 1200
scale(subcanopy)-sp101  -0.0115 0.2214 -0.4658 -0.0141  0.4215 1.0103 1200
scale(subcanopy)-sp102  -0.2363 0.1911 -0.6448 -0.2265  0.0937 1.0028 1200
scale(subcanopy)-sp103  -0.0501 0.2027 -0.4592 -0.0539  0.3456 1.0156 1083
scale(subcanopy)-sp104  -0.1241 0.2164 -0.5827 -0.1133  0.2813 1.0120 1200
scale(canopy)-sp1       -0.1580 0.1620 -0.4790 -0.1559  0.1576 1.0029  812
scale(canopy)-sp2       -0.1485 0.2569 -0.6664 -0.1320  0.3206 1.0087 1200
scale(canopy)-sp3        0.0381 0.1856 -0.3347  0.0358  0.4040 1.0005 1200
scale(canopy)-sp4        0.0510 0.2291 -0.3841  0.0520  0.5068 1.0061 1200
scale(canopy)-sp5        0.1032 0.2566 -0.3701  0.0884  0.6733 1.0018 1200
scale(canopy)-sp6       -0.0599 0.2163 -0.4925 -0.0589  0.3541 1.0015 1200
scale(canopy)-sp7       -0.0838 0.2169 -0.5082 -0.0807  0.3331 1.0204 1200
scale(canopy)-sp8       -0.0919 0.2434 -0.5819 -0.0893  0.3760 1.0022 1200
scale(canopy)-sp9       -0.2994 0.2538 -0.8650 -0.2790  0.1441 1.0000 1147
scale(canopy)-sp10      -0.0713 0.2517 -0.5786 -0.0697  0.4242 1.0038 1200
scale(canopy)-sp11      -0.0407 0.2508 -0.5155 -0.0418  0.4929 1.0026 1070
scale(canopy)-sp12      -0.0883 0.2038 -0.5014 -0.0865  0.3162 1.0022 1200
scale(canopy)-sp13      -0.1564 0.2263 -0.6209 -0.1545  0.2806 1.0081 1200
scale(canopy)-sp14      -0.1228 0.2258 -0.5870 -0.1187  0.3262 1.0060 1306
scale(canopy)-sp15      -0.1104 0.2203 -0.5471 -0.1050  0.3170 1.0077 1200
scale(canopy)-sp16       0.1333 0.1923 -0.2361  0.1244  0.5107 1.0009 1200
scale(canopy)-sp17       0.0266 0.1984 -0.3583  0.0299  0.4158 1.0172 1200
scale(canopy)-sp18      -0.0693 0.2561 -0.6124 -0.0581  0.4320 1.0052 1532
scale(canopy)-sp19      -0.1116 0.1942 -0.5070 -0.1072  0.2713 1.0051 1200
scale(canopy)-sp20      -0.0624 0.2616 -0.5938 -0.0623  0.4571 0.9998 1200
scale(canopy)-sp21       0.2121 0.2252 -0.1918  0.2072  0.6749 1.0061 1200
scale(canopy)-sp22      -0.1963 0.2440 -0.7116 -0.1921  0.2447 1.0036 1200
scale(canopy)-sp23      -0.0717 0.2510 -0.5746 -0.0735  0.4234 1.0027 1355
scale(canopy)-sp24      -0.1150 0.2523 -0.6274 -0.1100  0.3564 1.0009 1200
scale(canopy)-sp25      -0.1614 0.2266 -0.6479 -0.1563  0.2951 1.0069 1200
scale(canopy)-sp26       0.1290 0.2507 -0.3486  0.1175  0.6385 1.0030  782
scale(canopy)-sp27      -0.0711 0.2108 -0.4964 -0.0746  0.3327 1.0012 1105
scale(canopy)-sp28      -0.1540 0.1930 -0.5550 -0.1394  0.2139 0.9995 1200
scale(canopy)-sp29      -0.0704 0.2671 -0.5798 -0.0784  0.4683 0.9996 1100
scale(canopy)-sp30       0.0425 0.1857 -0.3248  0.0387  0.4142 1.0025 1416
scale(canopy)-sp31      -0.0842 0.1944 -0.4591 -0.0783  0.2773 1.0046 1200
scale(canopy)-sp32      -0.2020 0.2485 -0.6985 -0.1983  0.2664 1.0035 1200
scale(canopy)-sp33      -0.1628 0.2092 -0.5974 -0.1555  0.2374 1.0003 1200
scale(canopy)-sp34      -0.0694 0.2324 -0.5375 -0.0730  0.3839 0.9998 1200
scale(canopy)-sp35      -0.4488 0.1911 -0.8437 -0.4439 -0.0829 1.0061 1200
scale(canopy)-sp36       0.1920 0.2199 -0.2169  0.1864  0.6408 1.0010 1200
scale(canopy)-sp37      -0.1148 0.2345 -0.5936 -0.1116  0.3524 1.0056 1200
scale(canopy)-sp38      -0.1780 0.2063 -0.5769 -0.1700  0.2180 1.0040 1200
scale(canopy)-sp39       0.0427 0.2202 -0.3737  0.0401  0.4897 1.0008 1200
scale(canopy)-sp40       0.0549 0.2499 -0.3858  0.0417  0.5953 1.0048 1200
scale(canopy)-sp41       0.2521 0.2181 -0.1502  0.2411  0.7134 1.0006 1200
scale(canopy)-sp42      -0.2227 0.1965 -0.6217 -0.2213  0.1575 1.0025 1078
scale(canopy)-sp43       0.0380 0.2003 -0.3450  0.0303  0.4225 1.0117 1200
scale(canopy)-sp44       0.0178 0.1854 -0.3714  0.0181  0.3835 1.0001 1200
scale(canopy)-sp45      -0.2603 0.2168 -0.7045 -0.2537  0.1526 1.0037 1200
scale(canopy)-sp46      -0.0457 0.2201 -0.4702 -0.0494  0.4079 1.0059 1200
scale(canopy)-sp47      -0.1468 0.2320 -0.5891 -0.1432  0.3045 1.0100 1114
scale(canopy)-sp48      -0.0926 0.2449 -0.5943 -0.0948  0.3988 1.0081 1200
scale(canopy)-sp49       0.0478 0.1634 -0.2488  0.0498  0.3756 1.0118 1231
scale(canopy)-sp50       0.0087 0.2543 -0.4567 -0.0091  0.5252 1.0055 1338
scale(canopy)-sp51      -0.1746 0.2628 -0.6789 -0.1777  0.3299 1.0052 1516
scale(canopy)-sp52      -0.0845 0.2500 -0.5926 -0.0816  0.4259 1.0308 1200
scale(canopy)-sp53      -0.0710 0.2496 -0.5382 -0.0695  0.4295 1.0058 1200
scale(canopy)-sp54      -0.0734 0.2234 -0.5101 -0.0712  0.3815 1.0051 1200
scale(canopy)-sp55       0.1328 0.1837 -0.2271  0.1238  0.5103 1.0000 1200
scale(canopy)-sp56       0.1317 0.1798 -0.2143  0.1233  0.5096 1.0004 1200
scale(canopy)-sp57      -0.0816 0.1581 -0.3923 -0.0782  0.2340 1.0074 1200
scale(canopy)-sp58      -0.0933 0.1500 -0.3903 -0.0941  0.1945 1.0089 1200
scale(canopy)-sp59       0.2610 0.2342 -0.1633  0.2465  0.7737 1.0009 1200
scale(canopy)-sp60      -0.1056 0.2106 -0.5101 -0.1007  0.3157 1.0034 1200
scale(canopy)-sp61       0.0014 0.2352 -0.4467 -0.0021  0.4868 1.0057 1200
scale(canopy)-sp62       0.0200 0.1964 -0.3588  0.0196  0.4114 1.0178 1063
scale(canopy)-sp63      -0.3319 0.2165 -0.7627 -0.3256  0.0950 1.0056 1200
scale(canopy)-sp64      -0.0422 0.2238 -0.4807 -0.0393  0.3755 1.0141 1200
scale(canopy)-sp65      -0.0510 0.2643 -0.5647 -0.0442  0.4642 0.9995 1337
scale(canopy)-sp66       0.0042 0.2183 -0.4212 -0.0016  0.4295 1.0041 1200
scale(canopy)-sp67      -0.3400 0.2401 -0.8403 -0.3203  0.0817 1.0172 1200
scale(canopy)-sp68      -0.2391 0.2231 -0.6868 -0.2323  0.1813 1.0004 1314
scale(canopy)-sp69      -0.1712 0.2318 -0.6309 -0.1725  0.2823 1.0011 1012
scale(canopy)-sp70      -0.0123 0.2579 -0.5028 -0.0110  0.4903 1.0023 1200
scale(canopy)-sp71      -0.0675 0.2630 -0.5718 -0.0660  0.4427 0.9991 1403
scale(canopy)-sp72      -0.1090 0.2233 -0.6016 -0.1082  0.3219 1.0025 1463
scale(canopy)-sp73      -0.1404 0.2142 -0.5824 -0.1356  0.2789 0.9995 1200
scale(canopy)-sp74      -0.0869 0.2592 -0.6057 -0.0788  0.4283 1.0092 1316
scale(canopy)-sp75      -0.0230 0.2321 -0.4560 -0.0227  0.4409 1.0024 1200
scale(canopy)-sp76      -0.0717 0.1924 -0.4753 -0.0691  0.2999 1.0183 1207
scale(canopy)-sp77      -0.0533 0.2385 -0.5380 -0.0561  0.4084 1.0081 1200
scale(canopy)-sp78       0.1152 0.2619 -0.3733  0.1042  0.6591 1.0049 1443
scale(canopy)-sp79      -0.1580 0.2635 -0.6879 -0.1638  0.3253 1.0229 1091
scale(canopy)-sp80      -0.0367 0.2278 -0.4833 -0.0432  0.4208 1.0295 1081
scale(canopy)-sp81      -0.1287 0.2597 -0.6471 -0.1271  0.3563 0.9998 1200
scale(canopy)-sp82      -0.0761 0.1570 -0.3853 -0.0761  0.2258 1.0139 1074
scale(canopy)-sp83       0.1111 0.2605 -0.3451  0.0932  0.6549 1.0017 1343
scale(canopy)-sp84      -0.2044 0.2039 -0.5768 -0.2108  0.2081 0.9992 1401
scale(canopy)-sp85      -0.0516 0.1579 -0.3775 -0.0478  0.2554 1.0026 1289
scale(canopy)-sp86      -0.3165 0.2358 -0.8034 -0.3074  0.1251 1.0011 1200
scale(canopy)-sp87      -0.0657 0.2580 -0.6022 -0.0612  0.4382 1.0041 1077
scale(canopy)-sp88      -0.2351 0.2198 -0.6943 -0.2300  0.1604 1.0014 1200
scale(canopy)-sp89      -0.1127 0.2208 -0.5555 -0.1127  0.3076 1.0079 1200
scale(canopy)-sp90      -0.0946 0.2189 -0.5164 -0.0953  0.3176 1.0027 1200
scale(canopy)-sp91       0.0132 0.2298 -0.4363  0.0182  0.4544 1.0076 1200
scale(canopy)-sp92      -0.0706 0.2551 -0.5890 -0.0699  0.4251 1.0008 1200
scale(canopy)-sp93       0.0484 0.1852 -0.3046  0.0434  0.4288 1.0034 1200
scale(canopy)-sp94      -0.1758 0.2436 -0.6842 -0.1652  0.3070 1.0043 1200
scale(canopy)-sp95      -0.1261 0.2501 -0.6581 -0.1226  0.3596 1.0018 1200
scale(canopy)-sp96      -0.2775 0.2234 -0.7334 -0.2740  0.1421 1.0006 1200
scale(canopy)-sp97      -0.0113 0.2409 -0.4831 -0.0101  0.4480 0.9998 1200
scale(canopy)-sp98       0.0038 0.2405 -0.4447 -0.0115  0.4937 1.0051 1200
scale(canopy)-sp99      -0.1555 0.2488 -0.6683 -0.1484  0.3244 1.0129 1200
scale(canopy)-sp100     -0.0673 0.1721 -0.3899 -0.0717  0.2692 1.0180 1200
scale(canopy)-sp101     -0.1405 0.2473 -0.6289 -0.1282  0.3419 1.0047 1331
scale(canopy)-sp102     -0.0924 0.1795 -0.4323 -0.0842  0.2456 1.0170 1052
scale(canopy)-sp103      0.1148 0.2352 -0.3425  0.1079  0.5876 1.0033 1200
scale(canopy)-sp104     -0.0787 0.2414 -0.5609 -0.0815  0.4042 1.0109 1100

Detection (logit scale): 
                     Mean     SD    2.5%     50%   97.5%   Rhat  ESS
(Intercept)-sp1    0.8643 0.1472  0.5837  0.8627  1.1588 1.0117 1200
(Intercept)-sp2   -1.6741 1.1155 -3.9022 -1.6506  0.3571 1.0045  729
(Intercept)-sp3   -0.6797 0.2610 -1.2134 -0.6687 -0.1782 1.0233 1096
(Intercept)-sp4    0.0759 0.1251 -0.1692  0.0754  0.3178 1.0038 1407
(Intercept)-sp5   -1.6279 1.1333 -3.8276 -1.6246  0.5440 0.9994  738
(Intercept)-sp6   -0.9466 0.5703 -2.1727 -0.9210  0.0832 1.0114 1200
(Intercept)-sp7    0.9939 0.1206  0.7597  0.9922  1.2358 1.0026 1200
(Intercept)-sp8   -0.9530 0.9482 -2.9104 -0.9113  0.8569 1.0032  990
(Intercept)-sp9   -2.1231 0.9325 -4.0167 -2.1114 -0.2796 1.0287  590
(Intercept)-sp10  -1.9964 0.9420 -3.9578 -1.9620 -0.2381 1.0073  627
(Intercept)-sp11  -1.7574 0.9713 -3.7881 -1.7247  0.1171 1.0188  854
(Intercept)-sp12  -0.7448 0.2110 -1.1841 -0.7332 -0.3466 1.0031 1200
(Intercept)-sp13  -1.6559 0.6026 -2.9254 -1.6084 -0.6129 0.9993  845
(Intercept)-sp14   0.0757 0.1115 -0.1376  0.0746  0.2951 1.0012 1200
(Intercept)-sp15  -1.8563 0.4920 -2.7989 -1.8545 -0.9245 1.0032  967
(Intercept)-sp16  -0.4660 0.1551 -0.7626 -0.4674 -0.1493 1.0008 1200
(Intercept)-sp17  -0.1625 0.1293 -0.4125 -0.1628  0.0896 1.0002 1200
(Intercept)-sp18  -1.7868 1.1225 -4.1819 -1.7279  0.2893 1.0074  838
(Intercept)-sp19   0.5165 0.1248  0.2701  0.5119  0.7618 1.0070  984
(Intercept)-sp20  -1.4705 1.3344 -4.1477 -1.4097  1.0013 1.0049  992
(Intercept)-sp21  -1.1108 0.4489 -2.0195 -1.0909 -0.2722 1.0113 1200
(Intercept)-sp22  -1.8445 0.7174 -3.2452 -1.8389 -0.4842 1.0006 1007
(Intercept)-sp23  -1.4131 1.2808 -4.0164 -1.3846  0.9837 1.0108  862
(Intercept)-sp24  -1.8369 0.9920 -3.7905 -1.7817 -0.0117 1.0001  777
(Intercept)-sp25  -1.2623 0.7312 -2.8296 -1.1972  0.0600 1.0160  838
(Intercept)-sp26  -2.4707 0.6821 -3.7220 -2.4716 -1.1015 1.0257  495
(Intercept)-sp27  -0.9941 0.2265 -1.4481 -0.9977 -0.5628 1.0212 1357
(Intercept)-sp28  -0.7265 0.2102 -1.1252 -0.7273 -0.3037 1.0007 1200
(Intercept)-sp29  -1.4238 1.2630 -3.9153 -1.4236  1.0922 1.0155  778
(Intercept)-sp30  -1.0054 0.3707 -1.7857 -0.9934 -0.3435 1.0006 1200
(Intercept)-sp31  -0.9357 0.2142 -1.3594 -0.9382 -0.5245 1.0024 1027
(Intercept)-sp32  -1.8367 1.0922 -4.0150 -1.8012  0.1658 1.0030  639
(Intercept)-sp33  -1.1873 0.2294 -1.6391 -1.1950 -0.7279 1.0128 1380
(Intercept)-sp34  -1.2478 0.6727 -2.6828 -1.2280  0.0787 1.0016 1235
(Intercept)-sp35   0.1028 0.2097 -0.3049  0.1085  0.5048 1.0355 1357
(Intercept)-sp36  -0.9113 0.4098 -1.7383 -0.8948 -0.1659 0.9994 1200
(Intercept)-sp37  -0.0589 0.1286 -0.3064 -0.0586  0.1883 1.0195 1200
(Intercept)-sp38  -1.4942 0.3896 -2.2935 -1.4851 -0.7693 1.0166  959
(Intercept)-sp39  -0.4291 0.5149 -1.4336 -0.4211  0.5673 1.0136 1200
(Intercept)-sp40  -0.9043 0.9187 -2.7650 -0.8630  0.7879 1.0029 1320
(Intercept)-sp41  -1.1379 0.4401 -2.0233 -1.1184 -0.2874 1.0040 1200
(Intercept)-sp42  -0.5204 0.2702 -1.0620 -0.5209 -0.0029 1.0073 1200
(Intercept)-sp43   1.0280 0.1189  0.7945  1.0212  1.2633 1.0073 1200
(Intercept)-sp44  -0.5333 0.3281 -1.1785 -0.5247  0.0905 0.9996 1200
(Intercept)-sp45   0.7355 0.3961 -0.0553  0.7252  1.4843 1.0020 1200
(Intercept)-sp46  -1.8673 0.7224 -3.4583 -1.8091 -0.5656 1.0068  772
(Intercept)-sp47  -1.1196 0.1908 -1.4849 -1.1226 -0.7404 1.0131  890
(Intercept)-sp48  -1.8683 1.2221 -4.4594 -1.8284  0.4145 1.0121  627
(Intercept)-sp49   0.1520 0.1641 -0.1766  0.1560  0.4633 1.0161 1200
(Intercept)-sp50  -1.7350 1.1629 -4.0856 -1.7016  0.4264 1.0097  787
(Intercept)-sp51  -1.7415 0.2663 -2.2815 -1.7310 -1.2302 1.0136  841
(Intercept)-sp52  -0.5064 1.0113 -2.5534 -0.4446  1.3215 0.9999 1200
(Intercept)-sp53   0.5429 0.8029 -1.0748  0.5285  2.1675 1.0013 1200
(Intercept)-sp54  -1.8377 0.4478 -2.6998 -1.8331 -0.9561 1.0242  890
(Intercept)-sp55  -0.2962 0.2909 -0.8856 -0.2965  0.2578 1.0000 1327
(Intercept)-sp56   0.1753 0.2027 -0.2112  0.1740  0.5865 1.0030 1200
(Intercept)-sp57   0.4640 0.1592  0.1455  0.4705  0.7518 0.9993 1200
(Intercept)-sp58   0.0933 0.1658 -0.2318  0.0970  0.4259 1.0055  983
(Intercept)-sp59  -0.9432 0.5912 -2.0994 -0.9184  0.1337 1.0123 1003
(Intercept)-sp60  -0.9444 0.5278 -2.0265 -0.9172 -0.0144 1.0078 1200
(Intercept)-sp61  -1.8839 0.8827 -3.7381 -1.8007 -0.3214 1.0321  479
(Intercept)-sp62  -1.3790 0.3666 -2.0841 -1.3802 -0.6558 1.0101 1200
(Intercept)-sp63   0.8398 0.1182  0.5980  0.8438  1.0679 1.0053 1200
(Intercept)-sp64  -1.7088 0.3163 -2.2743 -1.7312 -1.0598 1.0040  787
(Intercept)-sp65  -1.6405 1.0742 -3.8835 -1.6044  0.3293 1.0072  879
(Intercept)-sp66  -1.6007 0.6056 -2.8328 -1.5879 -0.4858 1.0021  957
(Intercept)-sp67  -1.0196 0.4229 -1.8503 -1.0169 -0.2320 1.0040 1200
(Intercept)-sp68  -0.2079 0.4510 -1.1550 -0.1855  0.6311 1.0057 1215
(Intercept)-sp69  -1.8097 0.3005 -2.3579 -1.8209 -1.2412 1.0039  742
(Intercept)-sp70  -1.7235 1.1111 -3.9456 -1.7424  0.5837 1.0187  748
(Intercept)-sp71  -1.5118 1.3291 -4.1105 -1.4958  1.0500 1.0002 1014
(Intercept)-sp72  -1.3327 0.3259 -1.9571 -1.3292 -0.7090 1.0040  855
(Intercept)-sp73  -0.8809 0.5683 -2.0897 -0.8566  0.1216 1.0003  648
(Intercept)-sp74  -1.7810 1.1536 -4.1967 -1.7196  0.2994 1.0022  672
(Intercept)-sp75   0.3512 0.1094  0.1342  0.3522  0.5645 1.0000 1200
(Intercept)-sp76   0.9779 0.1124  0.7648  0.9796  1.2020 1.0021 1446
(Intercept)-sp77  -1.8149 0.8086 -3.5041 -1.7591 -0.3246 1.0018  770
(Intercept)-sp78  -1.7875 0.9944 -3.8305 -1.7442  0.0261 0.9990  812
(Intercept)-sp79  -2.6709 0.5866 -3.6697 -2.7314 -1.4228 1.0163  420
(Intercept)-sp80  -2.3845 0.6453 -3.6028 -2.3783 -1.1120 1.0280  402
(Intercept)-sp81  -2.4496 0.2736 -2.9486 -2.4767 -1.8809 1.0004  820
(Intercept)-sp82   0.5980 0.2025  0.2198  0.5905  0.9998 1.0003 1462
(Intercept)-sp83  -0.5520 1.0493 -2.7143 -0.5236  1.3909 0.9996 1200
(Intercept)-sp84  -0.5934 0.1628 -0.9025 -0.6039 -0.2612 1.0033 1200
(Intercept)-sp85   0.8645 0.1554  0.5658  0.8678  1.1596 1.0001 1200
(Intercept)-sp86   0.3635 0.5625 -0.7266  0.3428  1.4658 1.0023 1351
(Intercept)-sp87  -1.4303 1.3505 -4.0629 -1.4535  1.2601 1.0007  832
(Intercept)-sp88  -0.8026 0.5309 -1.8999 -0.7871  0.2283 0.9998 1200
(Intercept)-sp89   0.6576 0.1113  0.4539  0.6615  0.8861 1.0028 1368
(Intercept)-sp90  -2.4491 0.6222 -3.6384 -2.4809 -1.1709 1.0005  681
(Intercept)-sp91  -1.2947 0.5228 -2.3640 -1.2833 -0.3025 1.0060  994
(Intercept)-sp92  -1.4806 1.3193 -4.0210 -1.5112  1.1589 1.0070  881
(Intercept)-sp93  -0.0244 0.2801 -0.5786 -0.0177  0.4980 1.0198 1200
(Intercept)-sp94  -0.2800 0.1261 -0.5327 -0.2818 -0.0251 1.0007 1200
(Intercept)-sp95   0.1657 0.9943 -1.8028  0.1673  2.1732 1.0055 1096
(Intercept)-sp96  -0.2385 0.4419 -1.1316 -0.2300  0.5933 1.0092 1200
(Intercept)-sp97  -2.3893 0.9984 -4.4171 -2.3021 -0.6552 1.0080  311
(Intercept)-sp98  -0.9300 0.9364 -2.8922 -0.9029  0.7728 1.0092  984
(Intercept)-sp99  -1.9061 0.9914 -3.8993 -1.8636 -0.0854 1.0003  791
(Intercept)-sp100 -0.2613 0.1573 -0.5751 -0.2575  0.0385 1.0015 1200
(Intercept)-sp101 -2.4364 0.8146 -4.0035 -2.4027 -0.8602 1.0191  496
(Intercept)-sp102 -0.0640 0.2214 -0.4793 -0.0699  0.3739 1.0190 1200
(Intercept)-sp103 -1.6012 0.5299 -2.7454 -1.5778 -0.6005 1.0231  732
(Intercept)-sp104 -1.4045 0.7624 -3.1879 -1.3652 -0.0613 1.0388  659
scale(day)-sp1     0.0986 0.1299 -0.1620  0.0974  0.3501 1.0097 1200
scale(day)-sp2     0.1548 0.1907 -0.2162  0.1515  0.5384 1.0110 1200
scale(day)-sp3     0.2758 0.1274  0.0261  0.2783  0.5125 1.0226 1200
scale(day)-sp4     0.1236 0.0948 -0.0643  0.1209  0.3082 1.0025 1200
scale(day)-sp5     0.1259 0.1885 -0.2469  0.1250  0.4948 0.9995 1672
scale(day)-sp6     0.2591 0.1801 -0.0751  0.2534  0.6358 1.0061 1200
scale(day)-sp7     0.1985 0.1031 -0.0106  0.1987  0.4087 1.0084 1200
scale(day)-sp8     0.1477 0.1943 -0.2175  0.1477  0.5366 1.0007 1200
scale(day)-sp9     0.1989 0.1841 -0.1593  0.1993  0.5642 1.0188 1302
scale(day)-sp10    0.1948 0.1886 -0.1723  0.1922  0.5686 1.0088 1200
scale(day)-sp11    0.1410 0.1906 -0.2373  0.1405  0.5087 1.0075 1200
scale(day)-sp12    0.0835 0.1209 -0.1618  0.0795  0.3294 1.0020 1200
scale(day)-sp13    0.0631 0.1707 -0.2740  0.0610  0.3950 1.0233 1200
scale(day)-sp14    0.0724 0.0915 -0.1093  0.0735  0.2450 1.0096 1200
scale(day)-sp15    0.1565 0.1543 -0.1588  0.1595  0.4464 1.0025 1200
scale(day)-sp16   -0.0466 0.1115 -0.2621 -0.0479  0.1718 1.0093 1200
scale(day)-sp17    0.3673 0.0988  0.1788  0.3687  0.5529 1.0020 1200
scale(day)-sp18    0.1432 0.1911 -0.2252  0.1477  0.5038 1.0073 1200
scale(day)-sp19    0.0628 0.0956 -0.1202  0.0610  0.2445 1.0074 1200
scale(day)-sp20    0.1557 0.2006 -0.2438  0.1543  0.5544 1.0007 1200
scale(day)-sp21    0.1780 0.1771 -0.1775  0.1811  0.5287 1.0122 1200
scale(day)-sp22    0.1293 0.1908 -0.2394  0.1331  0.5144 1.0037 1092
scale(day)-sp23    0.1595 0.1965 -0.2156  0.1617  0.5583 1.0111 1200
scale(day)-sp24    0.1484 0.1904 -0.2413  0.1524  0.5318 0.9993 1116
scale(day)-sp25    0.1561 0.1892 -0.2066  0.1578  0.5257 1.0033 1200
scale(day)-sp26    0.0339 0.1743 -0.2971  0.0407  0.3792 1.0063  943
scale(day)-sp27    0.4324 0.1389  0.1634  0.4303  0.7192 1.0065 1069
scale(day)-sp28    0.2097 0.1273 -0.0452  0.2059  0.4551 0.9999 1188
scale(day)-sp29    0.1511 0.1947 -0.2362  0.1520  0.5287 1.0025 1200
scale(day)-sp30    0.2403 0.1375 -0.0231  0.2423  0.5171 1.0259 1200
scale(day)-sp31    0.0787 0.1125 -0.1357  0.0780  0.3080 1.0017 1485
scale(day)-sp32    0.1697 0.1842 -0.1976  0.1720  0.5239 1.0043 1200
scale(day)-sp33    0.3979 0.1222  0.1662  0.3953  0.6522 1.0132 1200
scale(day)-sp34    0.2095 0.1771 -0.1385  0.2106  0.5531 1.0231 1200
scale(day)-sp35    0.1218 0.1462 -0.1653  0.1223  0.4243 1.0059 1200
scale(day)-sp36    0.0171 0.1786 -0.3546  0.0249  0.3473 1.0008 1200
scale(day)-sp37    0.3473 0.0991  0.1543  0.3478  0.5370 0.9994 1200
scale(day)-sp38    0.1384 0.1414 -0.1378  0.1362  0.4105 1.0004 1200
scale(day)-sp39    0.0506 0.1784 -0.2953  0.0543  0.3817 1.0003 1200
scale(day)-sp40    0.1104 0.2013 -0.3062  0.1139  0.5019 1.0047 1103
scale(day)-sp41   -0.0853 0.1945 -0.4505 -0.0828  0.2973 1.0038 1200
scale(day)-sp42    0.1447 0.1517 -0.1573  0.1454  0.4420 1.0037 1200
scale(day)-sp43    0.3671 0.1041  0.1791  0.3655  0.5767 1.0016 1200
scale(day)-sp44    0.0247 0.1577 -0.2911  0.0320  0.3039 1.0016 1200
scale(day)-sp45    0.1501 0.1917 -0.2314  0.1531  0.5257 1.0006 1180
scale(day)-sp46    0.0814 0.1784 -0.2621  0.0862  0.4252 1.0012 1504
scale(day)-sp47    0.0853 0.1048 -0.1257  0.0864  0.2819 0.9994 1200
scale(day)-sp48    0.1706 0.1915 -0.2270  0.1683  0.5468 1.0055 1200
scale(day)-sp49    0.1427 0.1172 -0.0908  0.1463  0.3660 1.0056 1582
scale(day)-sp50    0.1389 0.1983 -0.2827  0.1426  0.5210 1.0041 1200
scale(day)-sp51    0.0755 0.1260 -0.1757  0.0741  0.3162 1.0025 1200
scale(day)-sp52    0.1133 0.1971 -0.2865  0.1225  0.4912 1.0067 1200
scale(day)-sp53    0.1010 0.1953 -0.2825  0.1023  0.4777 1.0053 1200
scale(day)-sp54    0.1856 0.1424 -0.0998  0.1853  0.4573 1.0038 1200
scale(day)-sp55    0.0428 0.1519 -0.2631  0.0467  0.3435 1.0057 1200
scale(day)-sp56    0.0571 0.1460 -0.2221  0.0572  0.3382 1.0051 1200
scale(day)-sp57   -0.0729 0.1284 -0.3267 -0.0702  0.1752 1.0012 1200
scale(day)-sp58    0.1900 0.1280 -0.0554  0.1899  0.4470 1.0026 1200
scale(day)-sp59    0.0560 0.1881 -0.3172  0.0576  0.3994 1.0043 1200
scale(day)-sp60    0.1160 0.1744 -0.2203  0.1084  0.4660 0.9992 1200
scale(day)-sp61    0.1845 0.1802 -0.1570  0.1846  0.5571 1.0014 1200
scale(day)-sp62    0.1588 0.1550 -0.1401  0.1529  0.4773 1.0001 1200
scale(day)-sp63    0.2735 0.0982  0.0827  0.2746  0.4557 1.0025 1105
scale(day)-sp64    0.2229 0.1235 -0.0176  0.2252  0.4677 1.0049 1270
scale(day)-sp65    0.1401 0.1913 -0.2682  0.1474  0.4926 1.0044 1302
scale(day)-sp66    0.0534 0.1752 -0.3095  0.0581  0.3880 0.9996 1200
scale(day)-sp67    0.2420 0.1737 -0.1047  0.2450  0.5967 1.0038 1200
scale(day)-sp68    0.1345 0.1834 -0.2181  0.1314  0.4997 0.9997 1667
scale(day)-sp69    0.1726 0.1249 -0.0609  0.1726  0.4227 1.0012 1157
scale(day)-sp70    0.1579 0.1877 -0.2041  0.1617  0.5314 1.0000 1200
scale(day)-sp71    0.1504 0.1926 -0.2434  0.1569  0.5312 1.0023 1200
scale(day)-sp72    0.1900 0.1351 -0.0729  0.1884  0.4645 1.0036 1200
scale(day)-sp73    0.0756 0.1694 -0.2487  0.0833  0.4050 1.0067 1200
scale(day)-sp74    0.1516 0.2019 -0.2571  0.1478  0.5503 1.0126 1200
scale(day)-sp75    0.3040 0.0928  0.1197  0.3019  0.4813 1.0016 1193
scale(day)-sp76    0.0933 0.1003 -0.0941  0.0907  0.2963 1.0053 1200
scale(day)-sp77    0.2552 0.1811 -0.0847  0.2500  0.6102 1.0004 1200
scale(day)-sp78    0.1358 0.1957 -0.2678  0.1370  0.5400 1.0005 1200
scale(day)-sp79    0.0209 0.1654 -0.3230  0.0300  0.3223 1.0162 1200
scale(day)-sp80    0.2736 0.1655 -0.0570  0.2773  0.6062 1.0009 1200
scale(day)-sp81    0.3801 0.1410  0.1119  0.3788  0.6603 1.0187 1200
scale(day)-sp82    0.2444 0.1374 -0.0399  0.2454  0.4948 1.0015 1475
scale(day)-sp83    0.1181 0.1954 -0.2763  0.1216  0.5060 1.0001 1200
scale(day)-sp84    0.0283 0.1184 -0.1939  0.0304  0.2624 1.0016 1200
scale(day)-sp85    0.1966 0.1187 -0.0316  0.1915  0.4472 1.0005 1200
scale(day)-sp86    0.1754 0.1891 -0.1932  0.1689  0.5411 1.0065 1200
scale(day)-sp87    0.1543 0.1983 -0.2366  0.1573  0.5376 1.0063 1332
scale(day)-sp88    0.1621 0.1910 -0.2358  0.1578  0.5437 1.0017 1281
scale(day)-sp89    0.3810 0.0953  0.1928  0.3797  0.5694 1.0029 1311
scale(day)-sp90    0.0614 0.1675 -0.2675  0.0646  0.3712 1.0039 1200
scale(day)-sp91    0.2025 0.1713 -0.1325  0.1966  0.5545 1.0064 1200
scale(day)-sp92    0.1511 0.1936 -0.2239  0.1488  0.5321 1.0030 1200
scale(day)-sp93    0.2303 0.1550 -0.0716  0.2332  0.5427 1.0013 1200
scale(day)-sp94    0.1409 0.0956 -0.0542  0.1409  0.3141 1.0052 1200
scale(day)-sp95    0.2214 0.1905 -0.1614  0.2197  0.5878 1.0018 1200
scale(day)-sp96    0.0734 0.1963 -0.3209  0.0721  0.4324 1.0048 1200
scale(day)-sp97    0.1162 0.1834 -0.2628  0.1182  0.4775 1.0142 1200
scale(day)-sp98    0.1040 0.2001 -0.3012  0.1110  0.4837 0.9995 1323
scale(day)-sp99    0.1731 0.1901 -0.2018  0.1685  0.5375 1.0038 1200
scale(day)-sp100   0.1821 0.1110 -0.0391  0.1823  0.3931 1.0076 1200
scale(day)-sp101   0.1904 0.1809 -0.1687  0.1925  0.5317 1.0014 1200
scale(day)-sp102   0.1565 0.1385 -0.1216  0.1544  0.4208 1.0016 1099
scale(day)-sp103   0.2005 0.1719 -0.1458  0.1972  0.5379 1.0007 1100
scale(day)-sp104   0.1073 0.1801 -0.2720  0.1117  0.4474 1.0124 1200
