
Call:
msPGOcc(occ.formula = bbs_occobject_fullrda.occ.formula, det.formula = bbs_occobject.det.best.formula, 
    data = bbs_occobject, inits = ms.inits, priors = ms.priors, n.samples = 30000, n.omp.threads = 1, verbose = TRUE, 
    n.report = 6000, n.burn = 10000, n.thin = 50, n.chains = 3)

Samples per Chain: 30000
Burn-in: 10000
Thinning Rate: 50
Number of Chains: 3
Total Posterior Samples: 1200
Run Time (min): 53.4257

----------------------------------------
	Species Level
----------------------------------------
Occurrence (logit scale): 
                           Mean     SD      5%     50%     95%   Rhat  ESS
(Intercept)-sp1          0.2297 0.2143 -0.1303  0.2353  0.5718 1.0017 1281
(Intercept)-sp2         -4.4816 1.2950 -6.4581 -4.4924 -2.2765 1.0002  713
(Intercept)-sp3         -0.0645 0.3302 -0.5436 -0.0881  0.5147 1.0050 1200
(Intercept)-sp4          2.5165 0.7091  1.6719  2.3929  3.8335 1.0212 1200
(Intercept)-sp5         -4.2840 1.2914 -6.3094 -4.3283 -2.1924 1.0083  652
(Intercept)-sp6         -2.4472 0.5026 -3.2236 -2.4707 -1.5984 1.0102 1200
(Intercept)-sp7          2.3778 0.3732  1.8312  2.3393  3.0218 1.0062 1200
(Intercept)-sp8         -4.1359 0.8826 -5.5822 -4.1300 -2.7501 1.0001 1200
(Intercept)-sp9         -3.0740 1.2414 -4.8589 -3.1816 -0.8537 1.0177  428
(Intercept)-sp10        -3.5306 1.1448 -5.1777 -3.5985 -1.6299 1.0148  595
(Intercept)-sp11        -4.1122 1.1491 -5.9940 -4.1142 -2.1445 1.0240  897
(Intercept)-sp12        -0.1751 0.3371 -0.6884 -0.1998  0.4121 1.0049 1200
(Intercept)-sp13        -1.9122 0.6445 -2.8480 -1.9868 -0.7844 1.0015  968
(Intercept)-sp14         2.9920 0.7631  2.0423  2.8535  4.3866 1.0042  999
(Intercept)-sp15        -0.8194 0.8081 -1.8918 -0.9259  0.6135 1.0063  602
(Intercept)-sp16         1.2538 0.4312  0.6683  1.1890  2.0474 1.0009 1211
(Intercept)-sp17         1.9363 0.4211  1.3066  1.9007  2.6814 1.0066 1323
(Intercept)-sp18        -4.1715 1.3490 -6.3200 -4.2730 -1.8231 1.0043  471
(Intercept)-sp19         2.1421 0.3752  1.6060  2.1063  2.7921 1.0044 1200
(Intercept)-sp20        -5.7114 1.6105 -8.5330 -5.6465 -3.2523 1.0037  638
(Intercept)-sp21        -2.1501 0.4706 -2.8772 -2.1864 -1.3129 1.0007 1200
(Intercept)-sp22        -3.3353 0.9617 -4.9301 -3.3475 -1.7330 1.0014 1002
(Intercept)-sp23        -5.5574 1.4512 -8.0476 -5.4344 -3.3471 1.0191  728
(Intercept)-sp24        -3.5770 1.1345 -5.2349 -3.6590 -1.5991 1.0142  491
(Intercept)-sp25        -2.9626 0.7084 -4.0576 -2.9842 -1.7937 1.0104 1027
(Intercept)-sp26        -0.5907 1.4641 -2.2898 -0.9223  2.4078 1.1692  208
(Intercept)-sp27         0.1616 0.4640 -0.4539  0.1111  0.8793 1.0437  902
(Intercept)-sp28         0.0022 0.3708 -0.5304 -0.0405  0.6960 1.0100 1200
(Intercept)-sp29        -5.6607 1.4643 -8.1771 -5.5875 -3.3420 1.0051  776
(Intercept)-sp30        -0.8488 0.4134 -1.4144 -0.8872 -0.1258 1.0106 1090
(Intercept)-sp31         1.1520 0.7526  0.2665  0.9782  2.5469 1.0135  867
(Intercept)-sp32        -4.1624 1.3446 -6.2928 -4.1988 -1.8946 1.0214  508
(Intercept)-sp33         0.4992 0.5483 -0.2622  0.4178  1.5048 1.0031 1069
(Intercept)-sp34        -2.3684 0.6207 -3.2618 -2.4220 -1.2761 1.0019  951
(Intercept)-sp35        -1.0565 0.2325 -1.4423 -1.0539 -0.6794 1.0021 1200
(Intercept)-sp36        -1.9554 0.4391 -2.6229 -1.9692 -1.2164 1.0050 1200
(Intercept)-sp37         2.3890 0.6652  1.5586  2.2749  3.6321 1.0008 1056
(Intercept)-sp38        -0.6399 0.6770 -1.4284 -0.7498  0.4368 1.0073  662
(Intercept)-sp39        -3.2049 0.5416 -4.1067 -3.1849 -2.3462 1.0125 1109
(Intercept)-sp40        -4.2128 0.8760 -5.7352 -4.1731 -2.8456 1.0009 1200
(Intercept)-sp41        -1.2194 0.5808 -1.9241 -1.2915 -0.3093 1.0362  727
(Intercept)-sp42        -1.3238 0.2953 -1.8354 -1.3181 -0.8307 0.9996 1200
(Intercept)-sp43         2.5964 0.4304  1.9791  2.5529  3.3619 1.0114 1200
(Intercept)-sp44        -2.0068 0.3766 -2.6514 -1.9966 -1.3987 1.0025 1200
(Intercept)-sp45        -3.0509 0.3980 -3.7044 -3.0528 -2.4348 1.0081 1200
(Intercept)-sp46        -1.9654 0.9715 -3.1540 -2.1420 -0.3457 1.0257  422
(Intercept)-sp47         1.9156 1.0336  0.7082  1.6745  4.0611 0.9999  595
(Intercept)-sp48        -4.2075 1.2370 -6.2066 -4.2314 -2.1802 1.0051  708
(Intercept)-sp49         0.0930 0.2168 -0.2518  0.0919  0.4664 1.0006 1200
(Intercept)-sp50        -4.3560 1.2541 -6.3757 -4.3841 -2.3056 1.0226  588
(Intercept)-sp51         1.3130 1.1321  0.0136  1.0688  3.5770 1.0345  464
(Intercept)-sp52        -4.8601 0.9603 -6.5342 -4.7559 -3.4052 1.0053 1032
(Intercept)-sp53        -4.6385 0.7313 -5.9511 -4.5669 -3.5471 1.0048 1200
(Intercept)-sp54        -0.5634 0.7817 -1.5129 -0.6811  0.7931 1.0092  653
(Intercept)-sp55        -1.7296 0.2925 -2.1987 -1.7353 -1.2558 1.0007 1528
(Intercept)-sp56        -0.8806 0.2153 -1.2466 -0.8838 -0.5196 1.0066 1031
(Intercept)-sp57        -0.1444 0.1825 -0.4355 -0.1459  0.1565 1.0032 1437
(Intercept)-sp58        -0.1168 0.1957 -0.4341 -0.1225  0.2025 1.0030 1200
(Intercept)-sp59        -2.7942 0.5930 -3.6727 -2.7985 -1.7715 1.0052 1200
(Intercept)-sp60        -2.2586 0.4814 -3.0024 -2.2918 -1.4182 1.0082 1037
(Intercept)-sp61        -2.3743 0.8614 -3.6206 -2.4717 -0.7967 1.0048  545
(Intercept)-sp62        -1.0594 0.5256 -1.8572 -1.1219 -0.1574 1.0029 1200
(Intercept)-sp63         2.6055 0.4100  2.0114  2.5630  3.3210 1.0278 1200
(Intercept)-sp64         0.6853 0.8779 -0.3514  0.4987  2.3081 1.0020  569
(Intercept)-sp65        -4.2474 1.3745 -6.3718 -4.2507 -2.0348 1.0173  356
(Intercept)-sp66        -2.0337 0.7011 -3.0483 -2.0918 -0.8046 1.0094  940
(Intercept)-sp67        -2.3477 0.5040 -3.2133 -2.3478 -1.5433 1.0059 1200
(Intercept)-sp68        -2.6695 0.3820 -3.2866 -2.6690 -2.0814 1.0004 1200
(Intercept)-sp69         1.2272 1.1982 -0.1243  0.9303  3.6872 1.0026  426
(Intercept)-sp70        -4.4751 1.3031 -6.6236 -4.4830 -2.2997 1.0144  553
(Intercept)-sp71        -5.6558 1.5240 -8.2799 -5.5916 -3.3453 1.0043  809
(Intercept)-sp72        -0.1011 0.5686 -0.8669 -0.1800  0.9704 1.0030  816
(Intercept)-sp73        -2.5607 0.5277 -3.3647 -2.5747 -1.7033 1.0182 1250
(Intercept)-sp74        -4.2759 1.1884 -6.1759 -4.2971 -2.2934 1.0007  698
(Intercept)-sp75         2.9586 0.6263  2.0927  2.8660  4.0896 1.0020 1380
(Intercept)-sp76         2.8038 0.3853  2.2137  2.7869  3.4784 1.0069 1200
(Intercept)-sp77        -2.5885 0.8379 -3.7849 -2.6654 -1.2156 1.0078  834
(Intercept)-sp78        -3.4159 1.2995 -5.0907 -3.5720 -1.3040 1.0513  283
(Intercept)-sp79         0.1391 1.5238 -1.7416 -0.1201  3.0819 1.0278  313
(Intercept)-sp80        -0.9822 1.1309 -2.3199 -1.2270  1.2704 1.0211  277
(Intercept)-sp81         1.8286 1.2809  0.0892  1.6548  4.2335 1.0264  663
(Intercept)-sp82        -0.8803 0.2018 -1.2097 -0.8793 -0.5531 0.9997 1200
(Intercept)-sp83        -4.8638 1.0245 -6.5964 -4.8230 -3.2936 1.0009 1145
(Intercept)-sp84         0.8039 0.3739  0.2531  0.7768  1.4668 1.0182 1200
(Intercept)-sp85         0.2844 0.1880 -0.0343  0.2870  0.5987 1.0139 1200
(Intercept)-sp86        -3.4697 0.4844 -4.3278 -3.4356 -2.7012 1.0048 1200
(Intercept)-sp87        -5.6142 1.6569 -8.5178 -5.5412 -3.1591 1.0032  596
(Intercept)-sp88        -3.0210 0.5529 -3.8971 -3.0091 -2.1247 1.0062 1413
(Intercept)-sp89         3.2185 0.6463  2.3955  3.1302  4.3651 1.0069 1081
(Intercept)-sp90        -1.1334 0.9331 -2.5188 -1.2254  0.5405 1.0010  694
(Intercept)-sp91        -1.8403 0.5412 -2.6319 -1.8886 -0.9084 1.0039 1089
(Intercept)-sp92        -5.6724 1.5611 -8.4043 -5.5830 -3.3163 1.0153  644
(Intercept)-sp93        -1.8492 0.2992 -2.3551 -1.8410 -1.3661 1.0003 1200
(Intercept)-sp94         2.8600 0.9380  1.8164  2.6375  4.7177 1.0031  702
(Intercept)-sp95        -5.1057 0.9547 -6.8361 -4.9925 -3.7423 1.0278 1200
(Intercept)-sp96        -3.3629 0.5410 -4.2615 -3.3218 -2.5000 1.0000 1200
(Intercept)-sp97        -1.7711 1.5371 -3.5546 -2.1172  1.4150 1.0263  206
(Intercept)-sp98        -4.2498 0.9370 -5.7182 -4.2093 -2.7524 1.0079 1072
(Intercept)-sp99        -3.5465 1.1328 -5.2422 -3.6387 -1.5996 1.0161  429
(Intercept)-sp100        0.8210 0.2902  0.3892  0.7955  1.3243 1.0030 1200
(Intercept)-sp101       -1.6216 1.3867 -3.3069 -1.8901  1.0420 1.0272  331
(Intercept)-sp102       -1.1978 0.2653 -1.6306 -1.2015 -0.7636 1.0007 1200
(Intercept)-sp103       -1.4956 0.8139 -2.4557 -1.6202 -0.1949 1.0070  451
(Intercept)-sp104       -2.9673 0.7331 -4.0896 -2.9822 -1.6844 1.0049 1200
scale(tol_rel)-sp1      -1.2218 0.2424 -1.6554 -1.2168 -0.8383 1.0151 1200
scale(tol_rel)-sp2       0.6701 0.5393 -0.2285  0.6635  1.5747 1.0102 1200
scale(tol_rel)-sp3       0.1423 0.2423 -0.2507  0.1352  0.5447 0.9992  978
scale(tol_rel)-sp4       0.2140 0.3839 -0.3609  0.1880  0.8924 1.0061 1401
scale(tol_rel)-sp5       0.2213 0.5614 -0.7193  0.2486  1.1411 1.0144 1314
scale(tol_rel)-sp6       0.2143 0.3359 -0.3327  0.2062  0.7567 1.0017 1200
scale(tol_rel)-sp7       0.5351 0.3736 -0.0183  0.5098  1.2139 1.0039 1200
scale(tol_rel)-sp8       0.2684 0.4721 -0.4986  0.2904  1.0178 1.0087 1200
scale(tol_rel)-sp9       0.8497 0.4898  0.0839  0.8526  1.6651 0.9990 1200
scale(tol_rel)-sp10      0.3592 0.4779 -0.4101  0.3624  1.1175 1.0015 1200
scale(tol_rel)-sp11      1.0684 0.4933  0.3053  1.0427  1.9061 1.0173 1200
scale(tol_rel)-sp12      0.8702 0.2883  0.4369  0.8500  1.3631 1.0086 1379
scale(tol_rel)-sp13      0.6191 0.3706  0.0417  0.5946  1.2551 1.0024 1200
scale(tol_rel)-sp14     -0.2318 0.4617 -0.9092 -0.2652  0.6506 1.0032 1200
scale(tol_rel)-sp15      0.3660 0.4062 -0.2150  0.3334  1.1117 1.0190 1074
scale(tol_rel)-sp16     -0.4150 0.2413 -0.8131 -0.4045 -0.0378 1.0014 1200
scale(tol_rel)-sp17      0.7330 0.3647  0.1871  0.6996  1.3648 1.0023 1200
scale(tol_rel)-sp18      0.1130 0.5427 -0.8060  0.1101  0.9768 1.0039 1200
scale(tol_rel)-sp19     -0.2624 0.2772 -0.7273 -0.2596  0.1759 1.0024 1256
scale(tol_rel)-sp20      0.1843 0.5884 -0.7862  0.1722  1.1796 0.9999 1200
scale(tol_rel)-sp21     -0.0452 0.3580 -0.6529 -0.0316  0.5090 1.0062 1200
scale(tol_rel)-sp22      1.3761 0.4480  0.6535  1.3593  2.1251 0.9994 1200
scale(tol_rel)-sp23      0.1633 0.5898 -0.7616  0.1505  1.1354 1.0116 1200
scale(tol_rel)-sp24     -0.2478 0.5317 -1.1414 -0.2404  0.5960 1.0000 1200
scale(tol_rel)-sp25      0.7062 0.3672  0.1216  0.6983  1.2966 1.0132 1103
scale(tol_rel)-sp26      0.6294 0.4488 -0.0596  0.6052  1.3892 1.0126 1200
scale(tol_rel)-sp27      0.7836 0.3232  0.3105  0.7556  1.3381 1.0012 1200
scale(tol_rel)-sp28      0.8814 0.2851  0.4484  0.8553  1.3657 1.0009 1200
scale(tol_rel)-sp29      0.1560 0.5990 -0.8154  0.1506  1.1461 1.0097 1331
scale(tol_rel)-sp30      0.2451 0.2411 -0.1347  0.2432  0.6397 1.0054 1200
scale(tol_rel)-sp31      0.0776 0.3538 -0.4252  0.0379  0.7322 1.0052 1200
scale(tol_rel)-sp32      0.2587 0.5305 -0.6494  0.2687  1.0986 1.0002 1200
scale(tol_rel)-sp33      0.8144 0.3728  0.2589  0.7836  1.4922 1.0005 1584
scale(tol_rel)-sp34      0.5793 0.3399  0.0546  0.5639  1.1521 1.0010 1081
scale(tol_rel)-sp35      0.9192 0.2157  0.5805  0.9144  1.2888 1.0138 1200
scale(tol_rel)-sp36     -0.5253 0.3635 -1.1445 -0.5098  0.0214 1.0215 1200
scale(tol_rel)-sp37      0.1911 0.3385 -0.3475  0.1882  0.7611 1.0015 1200
scale(tol_rel)-sp38      0.4840 0.2890  0.0396  0.4853  0.9508 1.0023 1158
scale(tol_rel)-sp39      0.8941 0.3222  0.3820  0.8917  1.4085 1.0036 1200
scale(tol_rel)-sp40      0.0977 0.5013 -0.7419  0.0964  0.9196 1.0011 1200
scale(tol_rel)-sp41     -0.4704 0.3244 -1.0391 -0.4536  0.0172 1.0073 1200
scale(tol_rel)-sp42      0.7222 0.2422  0.3366  0.7238  1.1352 0.9996 1200
scale(tol_rel)-sp43     -0.9241 0.2721 -1.3879 -0.9106 -0.4912 1.0146 1200
scale(tol_rel)-sp44      0.7629 0.2501  0.3503  0.7683  1.1729 1.0145 1083
scale(tol_rel)-sp45      0.8246 0.2938  0.3626  0.8088  1.3158 1.0002 1200
scale(tol_rel)-sp46      0.1830 0.3809 -0.4470  0.1851  0.8181 1.0007 1200
scale(tol_rel)-sp47     -0.3389 0.3803 -0.8886 -0.3701  0.3368 1.0041 1200
scale(tol_rel)-sp48      0.1885 0.5589 -0.7306  0.1802  1.0978 1.0027 1472
scale(tol_rel)-sp49      0.8247 0.2257  0.4752  0.8093  1.2025 1.0015 1200
scale(tol_rel)-sp50      0.3908 0.5404 -0.5475  0.3949  1.2582 1.0022 1200
scale(tol_rel)-sp51     -0.5716 0.4441 -1.2261 -0.6049  0.2208 1.0065 1200
scale(tol_rel)-sp52     -0.1230 0.5457 -1.0593 -0.1131  0.7323 1.0116 1076
scale(tol_rel)-sp53     -0.0952 0.5057 -0.9651 -0.1013  0.7141 1.0062 1200
scale(tol_rel)-sp54      0.2034 0.3539 -0.3317  0.1770  0.8132 1.0017 1022
scale(tol_rel)-sp55      0.1976 0.2164 -0.1561  0.1990  0.5402 1.0067 1200
scale(tol_rel)-sp56     -0.4158 0.2287 -0.8059 -0.4128 -0.0567 1.0044 1308
scale(tol_rel)-sp57      0.3297 0.1782  0.0546  0.3226  0.6282 1.0017 1213
scale(tol_rel)-sp58      0.5085 0.1956  0.1899  0.5065  0.8380 1.0001 1200
scale(tol_rel)-sp59      0.8143 0.3738  0.2298  0.7993  1.4265 1.0005 1200
scale(tol_rel)-sp60      0.0210 0.3194 -0.5036  0.0366  0.5280 1.0037 1315
scale(tol_rel)-sp61      0.2358 0.3962 -0.3810  0.2293  0.8648 1.0268 1200
scale(tol_rel)-sp62      1.0852 0.3328  0.5774  1.0592  1.6831 1.0045 1334
scale(tol_rel)-sp63      0.5976 0.3363  0.0620  0.5871  1.1740 1.0059 1200
scale(tol_rel)-sp64      0.4182 0.4496 -0.2540  0.3769  1.2445 1.0063 1200
scale(tol_rel)-sp65     -0.1884 0.5838 -1.1723 -0.1750  0.7631 1.0024 1200
scale(tol_rel)-sp66      0.6448 0.3732  0.0977  0.6069  1.2806 1.0054 1200
scale(tol_rel)-sp67      1.1977 0.3329  0.6748  1.1809  1.7585 1.0051 1200
scale(tol_rel)-sp68     -0.0749 0.3291 -0.6213 -0.0767  0.4461 1.0006 1200
scale(tol_rel)-sp69     -0.0414 0.4410 -0.6886 -0.0805  0.7469 1.0021 1414
scale(tol_rel)-sp70      0.7100 0.5210 -0.1610  0.7064  1.5832 1.0096 1097
scale(tol_rel)-sp71      0.2062 0.6218 -0.8081  0.2017  1.2246 1.0081 1200
scale(tol_rel)-sp72      0.3098 0.2984 -0.1603  0.2895  0.8331 1.0002 1200
scale(tol_rel)-sp73      0.3784 0.3267 -0.1601  0.3821  0.9294 1.0008 1200
scale(tol_rel)-sp74      0.2471 0.5250 -0.6087  0.2499  1.1088 0.9998 1366
scale(tol_rel)-sp75     -0.5190 0.3823 -1.1385 -0.5291  0.0960 1.0004 1200
scale(tol_rel)-sp76     -0.9363 0.2559 -1.3861 -0.9188 -0.5436 1.0005 1200
scale(tol_rel)-sp77     -0.3063 0.4419 -1.0529 -0.2938  0.3945 1.0087 1200
scale(tol_rel)-sp78      0.0721 0.5263 -0.7754  0.0722  0.9138 1.0058 1200
scale(tol_rel)-sp79      0.0837 0.5339 -0.7219  0.0505  0.9849 1.0112  876
scale(tol_rel)-sp80      0.4382 0.3684 -0.1398  0.4330  1.0686 1.0029 1389
scale(tol_rel)-sp81      0.3584 0.5348 -0.4765  0.3487  1.2821 1.0003 1200
scale(tol_rel)-sp82      0.9037 0.2026  0.5825  0.9030  1.2446 1.0058 1200
scale(tol_rel)-sp83      0.2224 0.5276 -0.6923  0.2176  1.0968 1.0006 1343
scale(tol_rel)-sp84     -0.9345 0.2628 -1.3721 -0.9323 -0.5109 1.0057 1200
scale(tol_rel)-sp85      0.9287 0.2166  0.5805  0.9220  1.3017 1.0169  819
scale(tol_rel)-sp86      0.5062 0.3403 -0.0633  0.5091  1.0550 1.0042 1062
scale(tol_rel)-sp87      0.1573 0.6157 -0.8834  0.1648  1.1735 1.0160 1200
scale(tol_rel)-sp88      1.0701 0.3299  0.5531  1.0551  1.6556 1.0025 1200
scale(tol_rel)-sp89     -0.4420 0.3835 -1.0488 -0.4492  0.2129 0.9997 1200
scale(tol_rel)-sp90      0.8537 0.4814  0.1560  0.8090  1.6620 1.0011 1200
scale(tol_rel)-sp91      0.0386 0.3136 -0.4844  0.0524  0.5338 1.0051 1105
scale(tol_rel)-sp92      0.1869 0.6227 -0.8915  0.1930  1.1591 1.0054 1192
scale(tol_rel)-sp93      0.7948 0.2329  0.4378  0.7779  1.1891 1.0007 1200
scale(tol_rel)-sp94     -0.3769 0.4409 -1.0313 -0.4104  0.4087 1.0109 1093
scale(tol_rel)-sp95      0.0207 0.5375 -0.8820  0.0216  0.8920 1.0166 1200
scale(tol_rel)-sp96      1.3165 0.3559  0.7615  1.3051  1.9054 1.0047 1304
scale(tol_rel)-sp97     -0.2881 0.4942 -1.0867 -0.2804  0.5141 1.0023 1015
scale(tol_rel)-sp98     -0.3083 0.5451 -1.1684 -0.2966  0.5415 1.0025 1200
scale(tol_rel)-sp99      0.5443 0.4869 -0.2475  0.5323  1.3638 1.0122  944
scale(tol_rel)-sp100    -0.4426 0.2151 -0.7895 -0.4398 -0.0939 1.0019 1200
scale(tol_rel)-sp101     0.1342 0.4581 -0.6390  0.1352  0.8668 1.0091 1200
scale(tol_rel)-sp102     1.1962 0.2575  0.7891  1.1864  1.6376 1.0025 1200
scale(tol_rel)-sp103    -0.4750 0.3756 -1.0963 -0.4455  0.0985 1.0080 1200
scale(tol_rel)-sp104     0.0682 0.4247 -0.6637  0.0837  0.7272 1.0130 1342
scale(svp)-sp1           0.7215 0.2515  0.3324  0.7078  1.1536 0.9999 1312
scale(svp)-sp2          -0.0214 0.4016 -0.6935 -0.0180  0.6252 1.0040 1200
scale(svp)-sp3          -0.0070 0.2184 -0.3537 -0.0170  0.3655 0.9997 1200
scale(svp)-sp4           0.0924 0.3190 -0.4125  0.0797  0.6484 1.0125 1200
scale(svp)-sp5          -0.2012 0.3864 -0.8390 -0.1925  0.4221 1.0050 1200
scale(svp)-sp6          -0.1345 0.3008 -0.6205 -0.1312  0.3737 1.0224 1066
scale(svp)-sp7          -0.4865 0.2378 -0.8822 -0.4722 -0.1090 1.0046 1200
scale(svp)-sp8          -0.1487 0.3570 -0.7318 -0.1473  0.4515 1.0021 1200
scale(svp)-sp9           0.0810 0.3622 -0.4943  0.0856  0.6541 1.0045 1308
scale(svp)-sp10         -0.2861 0.3811 -0.9335 -0.2705  0.2997 1.0002 1200
scale(svp)-sp11         -0.0780 0.3713 -0.6747 -0.0817  0.5381 1.0014 1200
scale(svp)-sp12         -0.5221 0.2464 -0.9649 -0.5047 -0.1459 1.0006 2055
scale(svp)-sp13         -0.2225 0.3097 -0.7434 -0.2149  0.2658 1.0293  939
scale(svp)-sp14          0.1061 0.3702 -0.4831  0.0953  0.7464 1.0145 1200
scale(svp)-sp15         -0.2550 0.2942 -0.7707 -0.2450  0.2277 1.0086 1200
scale(svp)-sp16          0.2341 0.3048 -0.2367  0.2040  0.7670 1.0100 1200
scale(svp)-sp17          0.0629 0.2670 -0.3642  0.0550  0.5299 0.9999 1200
scale(svp)-sp18         -0.0399 0.3972 -0.6921 -0.0552  0.6378 1.0034 1200
scale(svp)-sp19         -0.1328 0.2500 -0.5456 -0.1389  0.2924 1.0065 1200
scale(svp)-sp20         -0.0814 0.4067 -0.7683 -0.0831  0.5845 1.0002 1312
scale(svp)-sp21          0.5490 0.2818  0.1024  0.5390  1.0333 1.0082 1200
scale(svp)-sp22         -0.2263 0.3565 -0.8182 -0.2302  0.3795 1.0034 1200
scale(svp)-sp23         -0.0703 0.3891 -0.7413 -0.0631  0.5596 1.0012 1200
scale(svp)-sp24          0.1797 0.3382 -0.3942  0.1859  0.7439 1.0024 1200
scale(svp)-sp25         -0.0418 0.3418 -0.5876 -0.0409  0.5266 1.0053 1214
scale(svp)-sp26         -0.2408 0.3437 -0.7891 -0.2415  0.3386 1.0002 1200
scale(svp)-sp27          0.2105 0.2299 -0.1511  0.2106  0.5918 1.0019 1200
scale(svp)-sp28         -0.3853 0.2588 -0.8287 -0.3700  0.0034 1.0216 1200
scale(svp)-sp29         -0.1047 0.4206 -0.8358 -0.0876  0.5543 1.0195 1200
scale(svp)-sp30          0.0288 0.2430 -0.3597  0.0326  0.4366 1.0022 1200
scale(svp)-sp31         -0.2924 0.2774 -0.7223 -0.2924  0.1581 1.0016 1200
scale(svp)-sp32         -0.2070 0.3885 -0.8463 -0.1921  0.4122 0.9993 1200
scale(svp)-sp33         -0.2784 0.2647 -0.7169 -0.2732  0.1482 1.0019 1200
scale(svp)-sp34          0.0388 0.3125 -0.4823  0.0412  0.5549 1.0217 1200
scale(svp)-sp35          0.0000 0.2050 -0.3364 -0.0009  0.3338 1.0094 1200
scale(svp)-sp36          0.6698 0.2655  0.2453  0.6670  1.1146 1.0161 1073
scale(svp)-sp37          0.0702 0.3137 -0.4253  0.0664  0.6130 1.0090  935
scale(svp)-sp38          0.2720 0.2744 -0.1631  0.2706  0.7285 1.0055 1210
scale(svp)-sp39         -0.0117 0.2973 -0.5019 -0.0255  0.4632 1.0235 1200
scale(svp)-sp40         -0.1791 0.3516 -0.7988 -0.1637  0.3610 1.0030 1200
scale(svp)-sp41         -0.0709 0.2546 -0.4979 -0.0676  0.3401 1.0009 1200
scale(svp)-sp42         -0.1702 0.2358 -0.5513 -0.1710  0.2038 1.0038  870
scale(svp)-sp43          0.0131 0.3010 -0.4429  0.0042  0.5362 1.0221  911
scale(svp)-sp44         -0.6082 0.3143 -1.1328 -0.5979 -0.1065 1.0002 1200
scale(svp)-sp45         -0.2375 0.2947 -0.7161 -0.2253  0.2601 1.0085 1200
scale(svp)-sp46         -0.1075 0.3154 -0.6274 -0.0986  0.3828 1.0012 1200
scale(svp)-sp47          0.0413 0.3564 -0.5013  0.0468  0.6054 1.0125 1200
scale(svp)-sp48         -0.1339 0.3961 -0.7634 -0.1294  0.5144 1.0122 1200
scale(svp)-sp49         -0.4289 0.2037 -0.7616 -0.4336 -0.0974 1.0073 1200
scale(svp)-sp50         -0.1263 0.3860 -0.7598 -0.1358  0.4901 1.0091 1104
scale(svp)-sp51         -0.0280 0.3657 -0.5934 -0.0292  0.5775 1.0011 1200
scale(svp)-sp52         -0.2164 0.3735 -0.8244 -0.2043  0.3915 1.0015 1200
scale(svp)-sp53          0.2664 0.3328 -0.2834  0.2681  0.7951 1.0078 1200
scale(svp)-sp54         -0.5752 0.3226 -1.1427 -0.5555 -0.0810 1.0012 1200
scale(svp)-sp55         -0.7885 0.2999 -1.3040 -0.7768 -0.3170 1.0082 1200
scale(svp)-sp56          0.3902 0.2010  0.0632  0.3859  0.7322 1.0036 1318
scale(svp)-sp57         -0.3452 0.1784 -0.6498 -0.3378 -0.0633 1.0024 1200
scale(svp)-sp58         -0.1789 0.1941 -0.5029 -0.1738  0.1303 1.0026 1200
scale(svp)-sp59         -0.3479 0.3500 -0.9189 -0.3327  0.2127 1.0047 1312
scale(svp)-sp60          0.0016 0.2710 -0.4425  0.0136  0.4569 1.0144 1176
scale(svp)-sp61         -0.3603 0.3487 -0.9570 -0.3528  0.1998 0.9996 1200
scale(svp)-sp62         -0.1057 0.2717 -0.5584 -0.1034  0.3358 1.0167 1200
scale(svp)-sp63         -0.0321 0.2741 -0.4718 -0.0412  0.4286 1.0115 1200
scale(svp)-sp64         -0.1979 0.3069 -0.6894 -0.2046  0.3008 1.0062 1200
scale(svp)-sp65         -0.2227 0.3894 -0.8622 -0.2099  0.4051 1.0032 1200
scale(svp)-sp66         -0.2609 0.3269 -0.8030 -0.2624  0.2630 1.0069 1200
scale(svp)-sp67         -0.2016 0.3184 -0.7406 -0.1949  0.3322 1.0008 1200
scale(svp)-sp68          0.0724 0.2778 -0.3728  0.0650  0.5468 0.9996 1200
scale(svp)-sp69          0.1288 0.3551 -0.4191  0.1079  0.7429 1.0042 1395
scale(svp)-sp70         -0.0248 0.3914 -0.6541 -0.0431  0.6131 1.0004 1044
scale(svp)-sp71         -0.0819 0.3976 -0.7076 -0.0857  0.5696 1.0233 1200
scale(svp)-sp72         -0.3576 0.2797 -0.8213 -0.3635  0.0987 1.0033 1200
scale(svp)-sp73         -0.0906 0.2956 -0.5792 -0.0892  0.4116 1.0084 1200
scale(svp)-sp74         -0.1383 0.3915 -0.7958 -0.1304  0.4989 1.0062 1200
scale(svp)-sp75          0.0201 0.3228 -0.5231  0.0216  0.5617 1.0016 1200
scale(svp)-sp76          0.2874 0.3248 -0.2242  0.2809  0.8406 1.0191 1200
scale(svp)-sp77         -0.4789 0.3827 -1.1231 -0.4623  0.1263 1.0214 1200
scale(svp)-sp78         -0.3007 0.3928 -0.9446 -0.3006  0.3163 1.0007 1200
scale(svp)-sp79         -0.3103 0.3734 -0.9213 -0.3155  0.2957 1.0063 1200
scale(svp)-sp80         -0.2411 0.3574 -0.8478 -0.2217  0.3317 1.0104 1200
scale(svp)-sp81         -0.0419 0.3496 -0.6179 -0.0460  0.5272 1.0200 1233
scale(svp)-sp82         -0.3072 0.2187 -0.6833 -0.3072  0.0462 1.0049 1071
scale(svp)-sp83         -0.2039 0.3792 -0.8420 -0.2068  0.4271 1.0042 1200
scale(svp)-sp84          0.3501 0.2731 -0.0855  0.3382  0.8438 1.0255  850
scale(svp)-sp85         -0.2116 0.1894 -0.5298 -0.2123  0.1038 1.0034 1200
scale(svp)-sp86         -0.1494 0.3262 -0.7090 -0.1390  0.3591 1.0245 1200
scale(svp)-sp87         -0.0858 0.3940 -0.7093 -0.0946  0.5650 1.0091 1200
scale(svp)-sp88         -0.1338 0.3217 -0.6754 -0.1334  0.4032 1.0024 1200
scale(svp)-sp89          0.1402 0.3457 -0.4086  0.1246  0.7257 1.0042 1200
scale(svp)-sp90         -0.4090 0.3672 -1.0451 -0.3873  0.1721 1.0006 1200
scale(svp)-sp91          0.1889 0.2690 -0.2533  0.1906  0.6333 1.0101 1200
scale(svp)-sp92         -0.0872 0.3937 -0.7105 -0.0862  0.5794 1.0070 1200
scale(svp)-sp93         -0.4569 0.2604 -0.9038 -0.4395 -0.0418 1.0081 1200
scale(svp)-sp94          0.0559 0.3539 -0.5124  0.0399  0.6685 1.0062 1200
scale(svp)-sp95         -0.1331 0.3846 -0.7869 -0.1245  0.4566 1.0029 1421
scale(svp)-sp96         -0.1038 0.3238 -0.6330 -0.1082  0.4433 0.9996 1200
scale(svp)-sp97         -0.1028 0.3377 -0.6212 -0.1160  0.4693 1.0012 1079
scale(svp)-sp98          0.3219 0.3511 -0.2233  0.3065  0.8903 0.9991 1200
scale(svp)-sp99         -0.1946 0.3908 -0.8132 -0.1881  0.4559 1.0093 1121
scale(svp)-sp100         0.1355 0.2673 -0.2852  0.1292  0.5940 1.0010 1308
scale(svp)-sp101         0.3253 0.3395 -0.2131  0.3279  0.8791 1.0064  771
scale(svp)-sp102        -0.3642 0.2499 -0.7868 -0.3589  0.0229 1.0114 1435
scale(svp)-sp103         0.2818 0.2817 -0.1782  0.2734  0.7593 1.0085 1200
scale(svp)-sp104        -0.1280 0.3375 -0.6755 -0.1179  0.4039 1.0026 1200
scale(dicot)-sp1         0.3962 0.2063  0.0706  0.3831  0.7394 1.0077 1085
scale(dicot)-sp2         0.1693 0.2638 -0.2584  0.1697  0.5991 1.0014 1200
scale(dicot)-sp3         0.1729 0.1869 -0.1312  0.1690  0.4734 1.0105 1200
scale(dicot)-sp4         0.2353 0.2597 -0.1800  0.2325  0.6946 1.0013 1200
scale(dicot)-sp5         0.2683 0.2716 -0.1438  0.2614  0.7222 1.0159 1200
scale(dicot)-sp6         0.2645 0.2315 -0.1195  0.2696  0.6354 0.9996 1381
scale(dicot)-sp7         0.0560 0.2185 -0.3046  0.0575  0.4149 1.0026 1452
scale(dicot)-sp8         0.1871 0.2677 -0.2525  0.1957  0.6042 1.0003 1200
scale(dicot)-sp9         0.1409 0.2735 -0.3416  0.1480  0.5640 1.0003 1339
scale(dicot)-sp10        0.2247 0.2560 -0.1939  0.2233  0.6316 1.0051 1491
scale(dicot)-sp11        0.1960 0.2686 -0.2611  0.2048  0.6229 1.0022 1200
scale(dicot)-sp12        0.5468 0.2174  0.2156  0.5370  0.9164 1.0041 1094
scale(dicot)-sp13        0.5527 0.2472  0.1823  0.5381  0.9756 1.0020 1200
scale(dicot)-sp14        0.2715 0.2625 -0.1441  0.2691  0.7049 1.0065 1200
scale(dicot)-sp15        0.3912 0.2452  0.0073  0.3917  0.7949 1.0043 1200
scale(dicot)-sp16        0.3764 0.2246  0.0263  0.3629  0.7419 1.0018 1200
scale(dicot)-sp17        0.5060 0.2590  0.1062  0.4930  0.9628 1.0117 1200
scale(dicot)-sp18        0.2756 0.2621 -0.1729  0.2788  0.6991 1.0076 1200
scale(dicot)-sp19       -0.0137 0.2376 -0.4336 -0.0141  0.3643 1.0081 1200
scale(dicot)-sp20        0.2629 0.2748 -0.1749  0.2540  0.7098 1.0069 1200
scale(dicot)-sp21        0.4057 0.2260  0.0359  0.3938  0.7775 1.0050 1200
scale(dicot)-sp22        0.2412 0.2564 -0.1949  0.2439  0.6464 1.0109 1015
scale(dicot)-sp23        0.2577 0.2790 -0.2178  0.2730  0.6872 1.0062 1200
scale(dicot)-sp24        0.2925 0.2651 -0.1388  0.2922  0.7192 0.9995 1200
scale(dicot)-sp25        0.2592 0.2402 -0.1400  0.2706  0.6344 1.0051 1054
scale(dicot)-sp26        0.2701 0.2584 -0.1314  0.2632  0.6935 1.0021 1200
scale(dicot)-sp27        0.2491 0.2254 -0.1166  0.2449  0.6045 1.0006 1074
scale(dicot)-sp28        0.1341 0.2039 -0.2094  0.1431  0.4583 1.0010 1200
scale(dicot)-sp29        0.2704 0.2795 -0.2106  0.2686  0.7511 1.0075 1091
scale(dicot)-sp30        0.2076 0.2016 -0.1089  0.2025  0.5447 1.0053 1359
scale(dicot)-sp31        0.2237 0.2324 -0.1395  0.2136  0.6194 1.0039 1200
scale(dicot)-sp32        0.1901 0.2635 -0.2437  0.1910  0.6378 1.0086 1103
scale(dicot)-sp33       -0.0092 0.2437 -0.4285 -0.0028  0.3785 1.0156 1073
scale(dicot)-sp34        0.0618 0.2553 -0.3747  0.0701  0.4499 1.0007 1200
scale(dicot)-sp35        0.4365 0.1892  0.1470  0.4367  0.7596 1.0156 1200
scale(dicot)-sp36        0.0580 0.2344 -0.3265  0.0600  0.4519 1.0052 1200
scale(dicot)-sp37        0.2875 0.2540 -0.1177  0.2884  0.7044 1.0045 1200
scale(dicot)-sp38        0.1656 0.2289 -0.2218  0.1613  0.5387 1.0045 1080
scale(dicot)-sp39        0.4567 0.2397  0.0798  0.4467  0.8508 1.0056 1200
scale(dicot)-sp40        0.4508 0.2687  0.0162  0.4441  0.9077 1.0024 1095
scale(dicot)-sp41        0.2815 0.2239 -0.0741  0.2802  0.6532 1.0230 1014
scale(dicot)-sp42        0.5458 0.2012  0.2289  0.5433  0.8916 1.0019 1200
scale(dicot)-sp43        0.3647 0.2311  0.0074  0.3607  0.7524 1.0005  896
scale(dicot)-sp44        0.1996 0.2116 -0.1452  0.1996  0.5385 1.0174 1200
scale(dicot)-sp45        0.1977 0.2260 -0.1886  0.2001  0.5753 1.0038 1200
scale(dicot)-sp46        0.1085 0.2492 -0.3078  0.1105  0.5197 1.0073 1092
scale(dicot)-sp47        0.2597 0.2440 -0.1319  0.2509  0.6504 1.0092 1200
scale(dicot)-sp48        0.3117 0.2593 -0.1076  0.3091  0.7477 1.0034 1200
scale(dicot)-sp49        0.3401 0.1764  0.0601  0.3366  0.6339 1.0061 1200
scale(dicot)-sp50        0.2757 0.2690 -0.1667  0.2770  0.7259 0.9999 1365
scale(dicot)-sp51        0.2822 0.2640 -0.1458  0.2858  0.7209 1.0039 1408
scale(dicot)-sp52        0.2989 0.2676 -0.1128  0.3050  0.7631 0.9996 1200
scale(dicot)-sp53        0.3048 0.2578 -0.1404  0.3064  0.7401 0.9998 1200
scale(dicot)-sp54        0.0975 0.2322 -0.2841  0.0984  0.4697 1.0022 1200
scale(dicot)-sp55        0.0447 0.2034 -0.3030  0.0488  0.3673 0.9997 1416
scale(dicot)-sp56        0.6740 0.2146  0.3337  0.6566  1.0458 1.0040 1036
scale(dicot)-sp57        0.0486 0.1731 -0.2456  0.0547  0.3148 1.0126 1200
scale(dicot)-sp58        0.4330 0.1717  0.1592  0.4273  0.7143 1.0016 1273
scale(dicot)-sp59        0.3460 0.2451 -0.0541  0.3446  0.7440 0.9996 1200
scale(dicot)-sp60        0.4682 0.2234  0.1027  0.4687  0.8364 1.0222 1200
scale(dicot)-sp61        0.2225 0.2471 -0.1860  0.2293  0.6129 1.0022 1102
scale(dicot)-sp62        0.3007 0.2226 -0.0624  0.3008  0.6539 1.0064 1064
scale(dicot)-sp63        0.2344 0.2351 -0.1534  0.2236  0.6328 1.0019 1200
scale(dicot)-sp64        0.2570 0.2231 -0.1209  0.2591  0.6070 1.0001 1200
scale(dicot)-sp65        0.1598 0.2809 -0.3474  0.1767  0.6312 1.0034 1200
scale(dicot)-sp66        0.3633 0.2386 -0.0135  0.3611  0.7516 1.0024 1200
scale(dicot)-sp67        0.0755 0.2448 -0.3280  0.0847  0.4551 1.0024 1054
scale(dicot)-sp68        0.2815 0.2231 -0.0829  0.2804  0.6346 1.0088 1230
scale(dicot)-sp69        0.3533 0.2552 -0.0432  0.3361  0.7853 1.0040 1200
scale(dicot)-sp70        0.2508 0.2683 -0.2027  0.2498  0.6652 1.0062 1200
scale(dicot)-sp71        0.2600 0.2769 -0.1941  0.2678  0.7143 1.0159 1200
scale(dicot)-sp72        0.1246 0.2317 -0.2335  0.1199  0.4975 1.0032 1200
scale(dicot)-sp73        0.1348 0.2347 -0.2534  0.1320  0.5025 1.0028 1200
scale(dicot)-sp74        0.2879 0.2779 -0.1577  0.2791  0.7509 1.0090 1200
scale(dicot)-sp75        0.3771 0.2535 -0.0399  0.3652  0.8036 1.0080 1047
scale(dicot)-sp76        0.4325 0.2377  0.0486  0.4287  0.8555 1.0004 1200
scale(dicot)-sp77        0.1684 0.2486 -0.2442  0.1696  0.5783 1.0045 1200
scale(dicot)-sp78        0.1720 0.2793 -0.2998  0.1745  0.6145 1.0012 1200
scale(dicot)-sp79        0.2387 0.2577 -0.1798  0.2276  0.6773 1.0007 1200
scale(dicot)-sp80       -0.0949 0.2797 -0.5698 -0.0763  0.3377 1.0019  854
scale(dicot)-sp81        0.3646 0.2801 -0.0831  0.3509  0.8280 1.0036 1200
scale(dicot)-sp82        0.0039 0.1909 -0.3315  0.0175  0.2947 1.0021 1200
scale(dicot)-sp83        0.2607 0.2641 -0.1704  0.2571  0.7106 1.0001 1200
scale(dicot)-sp84        0.3688 0.2275 -0.0002  0.3664  0.7399 1.0369 1095
scale(dicot)-sp85        0.2399 0.1652 -0.0396  0.2456  0.5017 1.0010 1200
scale(dicot)-sp86        0.1748 0.2443 -0.2220  0.1739  0.5834 1.0079 1200
scale(dicot)-sp87        0.2627 0.2661 -0.1579  0.2617  0.6919 1.0069 1106
scale(dicot)-sp88        0.1975 0.2425 -0.1980  0.1918  0.5898 1.0048 1200
scale(dicot)-sp89        0.3241 0.2605 -0.0950  0.3233  0.7698 1.0081 1200
scale(dicot)-sp90        0.2015 0.2574 -0.2282  0.1978  0.6453 1.0045 1200
scale(dicot)-sp91        0.4044 0.2261  0.0291  0.4000  0.7635 1.0006 1200
scale(dicot)-sp92        0.2624 0.2734 -0.2077  0.2632  0.6993 1.0060 1200
scale(dicot)-sp93        0.3420 0.1962  0.0221  0.3422  0.6670 1.0079 1537
scale(dicot)-sp94        0.3684 0.2642 -0.0554  0.3720  0.8058 1.0234 1200
scale(dicot)-sp95        0.3396 0.2686 -0.0847  0.3377  0.7701 1.0015 1200
scale(dicot)-sp96        0.1665 0.2369 -0.2204  0.1679  0.5360 1.0117 1200
scale(dicot)-sp97        0.1909 0.2633 -0.2379  0.1887  0.6055 1.0020 1338
scale(dicot)-sp98        0.2575 0.2640 -0.1588  0.2512  0.6983 1.0000 1200
scale(dicot)-sp99        0.2959 0.2583 -0.1270  0.3017  0.7085 1.0041 1169
scale(dicot)-sp100       0.3700 0.2028  0.0335  0.3688  0.7173 1.0095 1093
scale(dicot)-sp101       0.3055 0.2465 -0.1005  0.3025  0.7104 1.0030 1200
scale(dicot)-sp102       0.1461 0.1962 -0.1726  0.1494  0.4636 1.0088 1200
scale(dicot)-sp103       0.2515 0.2382 -0.1306  0.2516  0.6423 1.0108 1130
scale(dicot)-sp104       0.4730 0.2563  0.0656  0.4688  0.9098 1.0009 1052
scale(cyper)-sp1         0.0841 0.1835 -0.2050  0.0832  0.3865 0.9997 1200
scale(cyper)-sp2         0.0438 0.3086 -0.4497  0.0357  0.5538 0.9994 1200
scale(cyper)-sp3         0.0925 0.2065 -0.2438  0.0876  0.4376 1.0061 1381
scale(cyper)-sp4         0.0617 0.2533 -0.3376  0.0562  0.4845 1.0156 1200
scale(cyper)-sp5        -0.2401 0.3099 -0.7391 -0.2304  0.2519 1.0151 1200
scale(cyper)-sp6        -0.1045 0.2485 -0.5302 -0.0949  0.2794 1.0024 1200
scale(cyper)-sp7         0.0917 0.2153 -0.2410  0.0813  0.4462 1.0040 1200
scale(cyper)-sp8        -0.0481 0.3004 -0.5045 -0.0434  0.4520 1.0012 1069
scale(cyper)-sp9        -0.2535 0.3067 -0.7682 -0.2417  0.2441 0.9990 1352
scale(cyper)-sp10       -0.2751 0.3078 -0.7905 -0.2649  0.2181 1.0019 1152
scale(cyper)-sp11       -0.2264 0.3101 -0.7370 -0.2231  0.2703 1.0038 1200
scale(cyper)-sp12       -0.3833 0.2206 -0.7432 -0.3811 -0.0178 1.0091 1333
scale(cyper)-sp13       -0.2805 0.2623 -0.7192 -0.2723  0.1512 1.0083 1200
scale(cyper)-sp14        0.0269 0.2697 -0.4146  0.0328  0.4706 1.0017 1200
scale(cyper)-sp15       -0.4826 0.2918 -0.9766 -0.4698 -0.0375 1.0114 1200
scale(cyper)-sp16       -0.0589 0.2194 -0.4037 -0.0677  0.3237 1.0033 1200
scale(cyper)-sp17       -0.2290 0.2385 -0.6226 -0.2297  0.1487 1.0034 1200
scale(cyper)-sp18       -0.0466 0.2984 -0.5359 -0.0536  0.4303 1.0048 1200
scale(cyper)-sp19        0.0232 0.2335 -0.3586  0.0080  0.4118 1.0010 1200
scale(cyper)-sp20       -0.1182 0.3080 -0.6411 -0.1221  0.3852 1.0051 1094
scale(cyper)-sp21        0.0428 0.2362 -0.3533  0.0430  0.4413 1.0032 1338
scale(cyper)-sp22       -0.0932 0.2939 -0.5608 -0.0972  0.4022 1.0080 1200
scale(cyper)-sp23       -0.1202 0.3139 -0.6453 -0.1209  0.3776 1.0038 1200
scale(cyper)-sp24       -0.2263 0.2883 -0.7134 -0.2176  0.2170 1.0158 1200
scale(cyper)-sp25        0.1271 0.2698 -0.3001  0.1154  0.5930 1.0000 1200
scale(cyper)-sp26       -0.0800 0.2693 -0.5287 -0.0785  0.3593 0.9995 1200
scale(cyper)-sp27       -0.2285 0.2070 -0.5650 -0.2284  0.1148 1.0058 1200
scale(cyper)-sp28       -0.1150 0.2056 -0.4402 -0.1155  0.2220 1.0089 1200
scale(cyper)-sp29       -0.1105 0.3109 -0.6139 -0.1182  0.4153 0.9995 1200
scale(cyper)-sp30        0.0107 0.2169 -0.3290  0.0118  0.3736 1.0016 1200
scale(cyper)-sp31       -0.2773 0.2602 -0.6945 -0.2769  0.1391 1.0102 1200
scale(cyper)-sp32       -0.2188 0.3112 -0.7492 -0.2127  0.2668 1.0010 1200
scale(cyper)-sp33       -0.1470 0.2191 -0.5078 -0.1502  0.2283 1.0159 1029
scale(cyper)-sp34       -0.2009 0.2475 -0.6239 -0.2005  0.2068 1.0005 1200
scale(cyper)-sp35        0.2129 0.1958 -0.1006  0.2191  0.5199 1.0038 1363
scale(cyper)-sp36       -0.3169 0.2389 -0.7381 -0.3026  0.0574 1.0055 1200
scale(cyper)-sp37        0.0353 0.2723 -0.4057  0.0357  0.4814 1.0004 1200
scale(cyper)-sp38        0.2758 0.2489 -0.1302  0.2743  0.6964 1.0035 1200
scale(cyper)-sp39       -0.1624 0.2655 -0.6086 -0.1588  0.2770 1.0047 1200
scale(cyper)-sp40       -0.2198 0.3022 -0.7150 -0.2154  0.2644 1.0130 1286
scale(cyper)-sp41       -0.3033 0.2355 -0.6951 -0.2991  0.0688 1.0146 1200
scale(cyper)-sp42        0.5551 0.2265  0.2025  0.5510  0.9356 1.0111  938
scale(cyper)-sp43       -0.0979 0.2397 -0.4966 -0.0995  0.2939 1.0002 1200
scale(cyper)-sp44       -0.4284 0.2360 -0.8206 -0.4219 -0.0583 1.0055 1200
scale(cyper)-sp45        0.2881 0.2489 -0.1072  0.2773  0.7109 1.0136 1100
scale(cyper)-sp46       -0.5050 0.3063 -1.0463 -0.4936 -0.0424 1.0064 1200
scale(cyper)-sp47       -0.1422 0.2557 -0.5377 -0.1502  0.2923 1.0004 1200
scale(cyper)-sp48       -0.1886 0.2988 -0.7026 -0.1923  0.2921 1.0112 1200
scale(cyper)-sp49       -0.2218 0.1808 -0.5262 -0.2220  0.0693 1.0012 1200
scale(cyper)-sp50       -0.0646 0.3054 -0.5863 -0.0654  0.4117 1.0045 1200
scale(cyper)-sp51        0.0929 0.2640 -0.3078  0.0921  0.5128 1.0287 1200
scale(cyper)-sp52       -0.2070 0.3042 -0.7076 -0.2055  0.2555 1.0036 1200
scale(cyper)-sp53       -0.0087 0.2849 -0.4519 -0.0210  0.4720 1.0020 1200
scale(cyper)-sp54       -0.2260 0.2568 -0.6593 -0.2149  0.1672 1.0050 1085
scale(cyper)-sp55       -0.3647 0.2143 -0.7267 -0.3559 -0.0227 1.0057 1200
scale(cyper)-sp56        0.0450 0.1842 -0.2513  0.0342  0.3500 1.0035 1200
scale(cyper)-sp57        0.1957 0.1744 -0.0892  0.1944  0.4657 1.0083 1200
scale(cyper)-sp58       -0.3216 0.1807 -0.6171 -0.3209 -0.0247 1.0022 1200
scale(cyper)-sp59       -0.1069 0.2629 -0.5164 -0.1142  0.3187 1.0176 1200
scale(cyper)-sp60       -0.3283 0.2527 -0.7489 -0.3302  0.0672 1.0074 1200
scale(cyper)-sp61       -0.2214 0.2746 -0.6813 -0.2184  0.2103 1.0029 1200
scale(cyper)-sp62        0.0750 0.2355 -0.3178  0.0796  0.4489 1.0001 1200
scale(cyper)-sp63       -0.1840 0.2388 -0.5781 -0.1903  0.2139 1.0019 1200
scale(cyper)-sp64        0.1884 0.2685 -0.2399  0.1854  0.6332 1.0108 1200
scale(cyper)-sp65       -0.1913 0.3174 -0.7002 -0.1877  0.3002 1.0077 1200
scale(cyper)-sp66       -0.4429 0.2831 -0.9207 -0.4395 -0.0159 1.0020 1200
scale(cyper)-sp67       -0.2265 0.2596 -0.6467 -0.2303  0.1955 1.0054 1200
scale(cyper)-sp68       -0.1900 0.2517 -0.6075 -0.1905  0.2073 1.0018 1200
scale(cyper)-sp69       -0.1010 0.2720 -0.5470 -0.1024  0.3485 1.0201 1200
scale(cyper)-sp70       -0.1661 0.3132 -0.6929 -0.1620  0.3141 1.0010 1200
scale(cyper)-sp71       -0.1268 0.3157 -0.6463 -0.1207  0.3892 1.0212 1200
scale(cyper)-sp72       -0.2298 0.2338 -0.6048 -0.2269  0.1545 1.0010 1200
scale(cyper)-sp73       -0.3555 0.2625 -0.7990 -0.3490  0.0591 1.0047 1200
scale(cyper)-sp74       -0.0325 0.3071 -0.5157 -0.0342  0.4875 1.0011 1200
scale(cyper)-sp75       -0.1725 0.2993 -0.6577 -0.1851  0.3407 1.0005 1200
scale(cyper)-sp76       -0.0940 0.2326 -0.4728 -0.0857  0.2906 1.0127 1085
scale(cyper)-sp77       -0.1946 0.2788 -0.6668 -0.1799  0.2541 1.0279 1340
scale(cyper)-sp78       -0.2283 0.3051 -0.7404 -0.2256  0.2487 1.0055 1200
scale(cyper)-sp79       -0.0680 0.2808 -0.5314 -0.0636  0.3828 1.0042 1200
scale(cyper)-sp80       -0.3116 0.2745 -0.7761 -0.2953  0.1263 1.0119 1200
scale(cyper)-sp81        0.0046 0.2846 -0.4682  0.0088  0.4506 1.0045 1050
scale(cyper)-sp82       -0.2423 0.1800 -0.5213 -0.2463  0.0535 1.0069 1200
scale(cyper)-sp83       -0.2385 0.3107 -0.7599 -0.2243  0.2417 1.0023 1200
scale(cyper)-sp84       -0.1458 0.2206 -0.5181 -0.1457  0.2058 1.0008 1200
scale(cyper)-sp85        0.0002 0.1718 -0.2696 -0.0029  0.2775 1.0018 1200
scale(cyper)-sp86       -0.0750 0.2626 -0.4937 -0.0799  0.3561 1.0080 1200
scale(cyper)-sp87       -0.1234 0.3123 -0.6509 -0.1182  0.3812 1.0125 1162
scale(cyper)-sp88       -0.2796 0.2706 -0.7391 -0.2667  0.1527 1.0099 1200
scale(cyper)-sp89       -0.1239 0.2651 -0.5553 -0.1208  0.3114 1.0022 1200
scale(cyper)-sp90       -0.0709 0.2733 -0.5156 -0.0735  0.3722 1.0039 1214
scale(cyper)-sp91       -0.0749 0.2346 -0.4509 -0.0796  0.3087 1.0046 1691
scale(cyper)-sp92       -0.1217 0.3143 -0.6594 -0.1040  0.3752 1.0058 1200
scale(cyper)-sp93       -0.4810 0.2320 -0.8718 -0.4652 -0.1263 1.0005 1200
scale(cyper)-sp94        0.0974 0.2733 -0.3389  0.0950  0.5538 1.0033 1200
scale(cyper)-sp95       -0.0791 0.3254 -0.6118 -0.0804  0.4423 1.0039 1200
scale(cyper)-sp96        0.0766 0.2641 -0.3518  0.0780  0.5097 1.0031 1200
scale(cyper)-sp97        0.0767 0.2942 -0.4012  0.0720  0.5609 1.0035 1200
scale(cyper)-sp98       -0.0503 0.2857 -0.5128 -0.0621  0.4497 0.9994 1200
scale(cyper)-sp99       -0.1618 0.3042 -0.6517 -0.1605  0.3533 1.0070 1200
scale(cyper)-sp100      -0.0330 0.1957 -0.3427 -0.0470  0.2965 1.0016 1200
scale(cyper)-sp101      -0.1848 0.2932 -0.6775 -0.1886  0.2869 1.0191  870
scale(cyper)-sp102      -0.2176 0.2113 -0.5462 -0.2165  0.1256 1.0022 1200
scale(cyper)-sp103      -0.0745 0.2526 -0.5079 -0.0756  0.3385 1.0096 1200
scale(cyper)-sp104      -0.4084 0.2917 -0.9057 -0.3958  0.0359 0.9990 1014
scale(small_tree)-sp1    0.0545 0.1347 -0.1698  0.0615  0.2664 1.0045 1200
scale(small_tree)-sp2    0.1438 0.1753 -0.1394  0.1386  0.4224 1.0118 1306
scale(small_tree)-sp3    0.1305 0.1392 -0.1013  0.1328  0.3554 1.0019 1200
scale(small_tree)-sp4   -0.0185 0.1710 -0.3017 -0.0064  0.2464 1.0013 1200
scale(small_tree)-sp5    0.0741 0.1811 -0.2344  0.0730  0.3635 1.0008 1200
scale(small_tree)-sp6    0.0470 0.1715 -0.2445  0.0537  0.3139 1.0085 1200
scale(small_tree)-sp7    0.1178 0.1579 -0.1475  0.1201  0.3761 1.0034 1053
scale(small_tree)-sp8    0.1644 0.1813 -0.1312  0.1594  0.4496 1.0086 1200
scale(small_tree)-sp9    0.0744 0.1741 -0.2151  0.0750  0.3540 1.0015 1287
scale(small_tree)-sp10   0.1223 0.1748 -0.1720  0.1190  0.4147 1.0103 1200
scale(small_tree)-sp11   0.0810 0.1751 -0.2039  0.0779  0.3647 1.0072 1200
scale(small_tree)-sp12   0.1239 0.1524 -0.1213  0.1244  0.3834 1.0037 1327
scale(small_tree)-sp13   0.0863 0.1646 -0.1793  0.0905  0.3350 1.0010 1200
scale(small_tree)-sp14   0.0767 0.1694 -0.1896  0.0789  0.3351 0.9997 1200
scale(small_tree)-sp15   0.0231 0.1700 -0.2606  0.0249  0.2967 1.0001 1238
scale(small_tree)-sp16   0.1311 0.1482 -0.1015  0.1262  0.3695 1.0010 1200
scale(small_tree)-sp17   0.1153 0.1681 -0.1513  0.1141  0.3948 1.0075 1200
scale(small_tree)-sp18   0.0674 0.1713 -0.2200  0.0744  0.3490 1.0085 1102
scale(small_tree)-sp19   0.2421 0.1617 -0.0117  0.2366  0.5044 1.0015 1200
scale(small_tree)-sp20   0.0779 0.1779 -0.2220  0.0795  0.3524 1.0053 1200
scale(small_tree)-sp21   0.0911 0.1652 -0.1735  0.0877  0.3541 1.0160 1200
scale(small_tree)-sp22  -0.0326 0.1836 -0.3348 -0.0292  0.2661 1.0013 1200
scale(small_tree)-sp23   0.0748 0.1733 -0.2164  0.0720  0.3491 1.0067 1200
scale(small_tree)-sp24   0.0222 0.1787 -0.2827  0.0288  0.3093 1.0089 1338
scale(small_tree)-sp25   0.1095 0.1617 -0.1607  0.1113  0.3856 1.0049 1200
scale(small_tree)-sp26   0.0517 0.1751 -0.2281  0.0525  0.3414 1.0243 1397
scale(small_tree)-sp27   0.1975 0.1572 -0.0579  0.1922  0.4662 1.0144 1200
scale(small_tree)-sp28  -0.0630 0.1591 -0.3288 -0.0639  0.1897 1.0016 1243
scale(small_tree)-sp29   0.0838 0.1812 -0.2120  0.0833  0.3720 1.0079 1200
scale(small_tree)-sp30   0.1017 0.1530 -0.1390  0.0991  0.3574 1.0117 1630
scale(small_tree)-sp31  -0.0218 0.1734 -0.3006 -0.0254  0.2546 1.0005 1305
scale(small_tree)-sp32   0.0354 0.1783 -0.2651  0.0366  0.3139 1.0056 1200
scale(small_tree)-sp33   0.1191 0.1643 -0.1433  0.1179  0.3860 1.0069 1200
scale(small_tree)-sp34   0.0778 0.1613 -0.1841  0.0777  0.3361 1.0105 1200
scale(small_tree)-sp35   0.0863 0.1366 -0.1250  0.0839  0.3110 1.0006 1200
scale(small_tree)-sp36   0.0668 0.1618 -0.1870  0.0638  0.3268 1.0100 1200
scale(small_tree)-sp37   0.0031 0.1729 -0.2932  0.0092  0.2705 1.0004 1068
scale(small_tree)-sp38   0.0806 0.1568 -0.1885  0.0854  0.3317 0.9997 1200
scale(small_tree)-sp39   0.1470 0.1596 -0.1024  0.1434  0.4043 1.0024 1437
scale(small_tree)-sp40   0.0938 0.1725 -0.1954  0.0989  0.3673 1.0041 1200
scale(small_tree)-sp41   0.0257 0.1630 -0.2463  0.0291  0.2931 1.0106 1200
scale(small_tree)-sp42   0.1431 0.1466 -0.0851  0.1422  0.3817 1.0019 1200
scale(small_tree)-sp43   0.1729 0.1517 -0.0697  0.1670  0.4224 1.0159 1200
scale(small_tree)-sp44  -0.0284 0.1482 -0.2669 -0.0297  0.2175 1.0028 1200
scale(small_tree)-sp45   0.0364 0.1534 -0.2151  0.0417  0.2852 1.0016 1200
scale(small_tree)-sp46   0.0760 0.1645 -0.1880  0.0770  0.3384 1.0055 1200
scale(small_tree)-sp47   0.0407 0.1669 -0.2303  0.0442  0.3198 1.0010 1200
scale(small_tree)-sp48   0.0611 0.1764 -0.2411  0.0674  0.3428 1.0044 1397
scale(small_tree)-sp49   0.0975 0.1324 -0.1153  0.0984  0.3172 1.0019 1200
scale(small_tree)-sp50   0.1093 0.1834 -0.1912  0.1037  0.3952 1.0058 1200
scale(small_tree)-sp51   0.1905 0.1740 -0.0841  0.1887  0.4781 1.0077 1200
scale(small_tree)-sp52   0.0905 0.1737 -0.1805  0.0834  0.3794 1.0013 1200
scale(small_tree)-sp53   0.0721 0.1829 -0.2291  0.0677  0.3742 1.0065 1200
scale(small_tree)-sp54   0.1225 0.1613 -0.1394  0.1198  0.3986 1.0406 1200
scale(small_tree)-sp55   0.0871 0.1487 -0.1552  0.0877  0.3278 1.0169 1200
scale(small_tree)-sp56   0.0043 0.1420 -0.2382  0.0084  0.2390 1.0026 1350
scale(small_tree)-sp57   0.2513 0.1334  0.0374  0.2487  0.4783 1.0050 1200
scale(small_tree)-sp58   0.0767 0.1350 -0.1391  0.0759  0.3039 0.9995 1364
scale(small_tree)-sp59   0.1227 0.1688 -0.1577  0.1212  0.3953 1.0029 1200
scale(small_tree)-sp60   0.1183 0.1613 -0.1346  0.1162  0.3769 0.9993 1200
scale(small_tree)-sp61   0.0558 0.1681 -0.2199  0.0594  0.3230 1.0061 1200
scale(small_tree)-sp62   0.1477 0.1571 -0.1103  0.1419  0.4026 1.0041 1200
scale(small_tree)-sp63   0.0479 0.1615 -0.2218  0.0481  0.3184 1.0165 1200
scale(small_tree)-sp64   0.0567 0.1634 -0.2100  0.0657  0.3288 1.0031 1200
scale(small_tree)-sp65   0.0680 0.1857 -0.2344  0.0677  0.3788 1.0049 1200
scale(small_tree)-sp66   0.0104 0.1756 -0.2842  0.0095  0.2953 1.0096 1200
scale(small_tree)-sp67   0.0405 0.1575 -0.2182  0.0424  0.2952 0.9998 1200
scale(small_tree)-sp68   0.0490 0.1661 -0.2288  0.0473  0.3266 1.0081 1098
scale(small_tree)-sp69   0.0777 0.1622 -0.1830  0.0728  0.3425 1.0049 1200
scale(small_tree)-sp70   0.0680 0.1768 -0.2077  0.0658  0.3595 0.9998 1200
scale(small_tree)-sp71   0.0851 0.1792 -0.2070  0.0852  0.3681 1.0208 1200
scale(small_tree)-sp72  -0.0084 0.1703 -0.2754 -0.0042  0.2653 1.0014 1200
scale(small_tree)-sp73   0.0635 0.1602 -0.2016  0.0654  0.3163 1.0049  963
scale(small_tree)-sp74   0.0765 0.1839 -0.2161  0.0776  0.3689 1.0096  902
scale(small_tree)-sp75   0.0478 0.1698 -0.2308  0.0462  0.3216 1.0033 1200
scale(small_tree)-sp76  -0.0657 0.1568 -0.3434 -0.0596  0.1822 1.0095  776
scale(small_tree)-sp77   0.0736 0.1725 -0.2034  0.0656  0.3647 1.0055  944
scale(small_tree)-sp78   0.0677 0.1730 -0.2009  0.0617  0.3646 1.0059 1200
scale(small_tree)-sp79   0.1838 0.1748 -0.0892  0.1795  0.4795 1.0024 1096
scale(small_tree)-sp80   0.1290 0.1665 -0.1341  0.1167  0.4154 1.0117 1097
scale(small_tree)-sp81   0.0484 0.1869 -0.2540  0.0510  0.3664 1.0013 1090
scale(small_tree)-sp82   0.1247 0.1286 -0.0831  0.1219  0.3343 1.0051 1305
scale(small_tree)-sp83   0.0900 0.1772 -0.1992  0.0927  0.3801 1.0010 1200
scale(small_tree)-sp84   0.0686 0.1511 -0.1766  0.0655  0.3241 1.0022 1200
scale(small_tree)-sp85   0.1321 0.1318 -0.0858  0.1281  0.3509 1.0010 1200
scale(small_tree)-sp86   0.0473 0.1621 -0.2247  0.0476  0.3149 1.0101 1061
scale(small_tree)-sp87   0.0819 0.1768 -0.2118  0.0822  0.3782 1.0041 1199
scale(small_tree)-sp88   0.0560 0.1605 -0.2032  0.0596  0.3180 1.0235 1200
scale(small_tree)-sp89   0.1047 0.1700 -0.1526  0.0957  0.3912 0.9999 1200
scale(small_tree)-sp90   0.0532 0.1704 -0.2332  0.0557  0.3230 1.0016 1200
scale(small_tree)-sp91   0.1144 0.1619 -0.1540  0.1104  0.3678 1.0039 1200
scale(small_tree)-sp92   0.0717 0.1744 -0.2094  0.0733  0.3491 1.0081 1200
scale(small_tree)-sp93   0.0397 0.1469 -0.2002  0.0426  0.2724 1.0130 1320
scale(small_tree)-sp94   0.1109 0.1668 -0.1550  0.1074  0.3895 1.0050 1429
scale(small_tree)-sp95   0.0820 0.1742 -0.2093  0.0795  0.3684 1.0053 1200
scale(small_tree)-sp96   0.0188 0.1590 -0.2487  0.0237  0.2733 1.0138 1200
scale(small_tree)-sp97   0.0616 0.1688 -0.1994  0.0616  0.3443 1.0063 1084
scale(small_tree)-sp98   0.0274 0.1800 -0.2729  0.0249  0.3339 1.0068 1200
scale(small_tree)-sp99   0.0921 0.1741 -0.1941  0.0986  0.3745 1.0038 1013
scale(small_tree)-sp100  0.0015 0.1399 -0.2270  0.0022  0.2256 1.0000 1200
scale(small_tree)-sp101  0.0849 0.1767 -0.2065  0.0841  0.3731 1.0064 1085
scale(small_tree)-sp102  0.0489 0.1444 -0.1850  0.0562  0.2791 0.9994 1200
scale(small_tree)-sp103  0.0308 0.1715 -0.2469  0.0297  0.3018 1.0012 1604
scale(small_tree)-sp104  0.2061 0.1810 -0.0764  0.2004  0.5043 1.0003 1545

Detection (logit scale): 
                     Mean     SD      5%     50%     95%   Rhat  ESS
(Intercept)-sp1    0.8559 0.1486  0.6149  0.8549  1.1013 1.0140 1200
(Intercept)-sp2   -1.6803 1.0818 -3.5009 -1.6492  0.0485 1.0068  774
(Intercept)-sp3   -0.6461 0.2495 -1.0532 -0.6432 -0.2600 1.0028 1200
(Intercept)-sp4    0.0862 0.1300 -0.1308  0.0850  0.3003 1.0041 1307
(Intercept)-sp5   -1.6517 1.1396 -3.5178 -1.6429  0.1359 1.0027  789
(Intercept)-sp6   -0.9431 0.5637 -1.9225 -0.9007 -0.0985 1.0162 1001
(Intercept)-sp7    0.9972 0.1221  0.8052  0.9940  1.2056 1.0070  860
(Intercept)-sp8   -0.8992 0.8954 -2.4244 -0.8669  0.5005 1.0050 1088
(Intercept)-sp9   -2.1639 0.9527 -3.7814 -2.1360 -0.7161 1.0029  568
(Intercept)-sp10  -1.9618 0.9762 -3.5900 -1.9382 -0.3989 1.0171  801
(Intercept)-sp11  -1.7960 0.9499 -3.3785 -1.7685 -0.3129 1.0121  868
(Intercept)-sp12  -0.7480 0.2115 -1.1161 -0.7515 -0.3826 1.0222  852
(Intercept)-sp13  -1.5847 0.5805 -2.5926 -1.5602 -0.6826 1.0004 1064
(Intercept)-sp14   0.0876 0.1170 -0.1009  0.0842  0.2762 1.0085 1069
(Intercept)-sp15  -1.9464 0.5013 -2.7783 -1.9444 -1.1158 1.0001  789
(Intercept)-sp16  -0.4405 0.1579 -0.6991 -0.4410 -0.1809 1.0029 1200
(Intercept)-sp17  -0.1638 0.1259 -0.3663 -0.1657  0.0431 1.0014 1200
(Intercept)-sp18  -1.7351 1.1585 -3.7351 -1.6907  0.0396 1.0039  470
(Intercept)-sp19   0.5224 0.1208  0.3228  0.5235  0.7179 0.9998 1200
(Intercept)-sp20  -1.4380 1.3105 -3.6129 -1.3998  0.6692 0.9996 1015
(Intercept)-sp21  -1.1079 0.4613 -1.9050 -1.0910 -0.3984 1.0005 1200
(Intercept)-sp22  -1.8850 0.7095 -3.0672 -1.8703 -0.7515 1.0048 1200
(Intercept)-sp23  -1.4420 1.2908 -3.5043 -1.4417  0.6898 1.0005 1029
(Intercept)-sp24  -1.8539 0.9767 -3.5751 -1.7831 -0.4137 1.0051  640
(Intercept)-sp25  -1.1766 0.6926 -2.3417 -1.1348 -0.1415 1.0092 1066
(Intercept)-sp26  -2.5041 0.6795 -3.6185 -2.5154 -1.3964 1.0789  347
(Intercept)-sp27  -1.0045 0.2272 -1.3624 -1.0029 -0.6522 1.0143 1095
(Intercept)-sp28  -0.8075 0.2222 -1.1724 -0.8065 -0.4651 1.0153 1200
(Intercept)-sp29  -1.3859 1.2721 -3.4400 -1.4326  0.6526 1.0028  992
(Intercept)-sp30  -0.9369 0.3519 -1.5288 -0.9265 -0.3810 1.0080 1015
(Intercept)-sp31  -0.9411 0.2192 -1.3064 -0.9394 -0.5902 1.0046 1069
(Intercept)-sp32  -1.8339 1.1710 -3.7678 -1.8234  0.0091 1.0105  575
(Intercept)-sp33  -1.2356 0.2438 -1.6245 -1.2323 -0.8316 0.9990 1200
(Intercept)-sp34  -1.1689 0.6426 -2.2748 -1.1361 -0.1671 1.0025 1028
(Intercept)-sp35   0.0690 0.2104 -0.2804  0.0724  0.4176 1.0136  974
(Intercept)-sp36  -0.9067 0.3953 -1.5798 -0.8906 -0.2776 1.0088 1200
(Intercept)-sp37  -0.0506 0.1334 -0.2719 -0.0490  0.1754 0.9992 1200
(Intercept)-sp38  -1.4470 0.4047 -2.1611 -1.4296 -0.8111 1.0035  870
(Intercept)-sp39  -0.4259 0.5170 -1.2988 -0.4235  0.4035 1.0038 1381
(Intercept)-sp40  -0.8028 0.9109 -2.4080 -0.7894  0.6056 1.0128 1200
(Intercept)-sp41  -1.1770 0.4620 -1.9783 -1.1562 -0.4594 1.0172  885
(Intercept)-sp42  -0.5106 0.2612 -0.9637 -0.4902 -0.1007 0.9999 1200
(Intercept)-sp43   1.0331 0.1223  0.8365  1.0250  1.2446 1.0424 1200
(Intercept)-sp44  -0.5281 0.3421 -1.0996 -0.5265  0.0190 1.0038 1200
(Intercept)-sp45   0.7412 0.3972  0.0827  0.7342  1.3746 1.0017 2673
(Intercept)-sp46  -1.8095 0.7331 -3.0903 -1.7371 -0.7061 1.0045  629
(Intercept)-sp47  -1.0946 0.1917 -1.3915 -1.0999 -0.7678 1.0035  968
(Intercept)-sp48  -1.8320 1.0549 -3.6791 -1.7836 -0.1941 1.0036  841
(Intercept)-sp49   0.1453 0.1616 -0.1213  0.1419  0.4144 1.0039 1318
(Intercept)-sp50  -1.5930 1.1909 -3.7374 -1.5151  0.2088 1.0243  703
(Intercept)-sp51  -1.8215 0.2668 -2.2324 -1.8303 -1.3771 1.0337  844
(Intercept)-sp52  -0.4965 0.9868 -2.1596 -0.4534  1.0347 1.0028 1200
(Intercept)-sp53   0.4861 0.8077 -0.9335  0.5282  1.7616 1.0040 1200
(Intercept)-sp54  -1.7819 0.4350 -2.4739 -1.7881 -1.0826 1.0046  792
(Intercept)-sp55  -0.2879 0.2938 -0.7804 -0.2866  0.1639 1.0007 1200
(Intercept)-sp56   0.1743 0.1990 -0.1571  0.1791  0.5033 1.0090 1200
(Intercept)-sp57   0.4696 0.1582  0.2166  0.4669  0.7288 1.0013 1266
(Intercept)-sp58   0.0818 0.1708 -0.1990  0.0756  0.3729 1.0052 1200
(Intercept)-sp59  -1.0453 0.6136 -2.1049 -1.0078 -0.1194 0.9999 1200
(Intercept)-sp60  -0.9400 0.5136 -1.7880 -0.9096 -0.1809 1.0013 1011
(Intercept)-sp61  -1.7359 0.7859 -3.1162 -1.6909 -0.5348 1.0031  814
(Intercept)-sp62  -1.3730 0.3681 -1.9661 -1.3741 -0.7663 1.0053 1200
(Intercept)-sp63   0.8344 0.1191  0.6361  0.8311  1.0377 1.0017 1200
(Intercept)-sp64  -1.6065 0.3053 -2.0942 -1.6071 -1.0890 1.0042  910
(Intercept)-sp65  -1.6832 1.1421 -3.5748 -1.6343  0.0412 1.0323  488
(Intercept)-sp66  -1.5844 0.6047 -2.5867 -1.5544 -0.6355 1.0101 1000
(Intercept)-sp67  -1.0778 0.4220 -1.7999 -1.0781 -0.3794 1.0020 1604
(Intercept)-sp68  -0.2175 0.4368 -0.9343 -0.2156  0.4676 1.0148 1200
(Intercept)-sp69  -1.7939 0.2926 -2.2343 -1.8102 -1.2863 1.0082  641
(Intercept)-sp70  -1.6809 1.0879 -3.5577 -1.6493 -0.0449 1.0167  723
(Intercept)-sp71  -1.4131 1.3189 -3.5764 -1.3748  0.7412 1.0129 1021
(Intercept)-sp72  -1.2820 0.3193 -1.8427 -1.2700 -0.7788 1.0029  831
(Intercept)-sp73  -0.8425 0.5527 -1.8149 -0.8117  0.0483 1.0151 1053
(Intercept)-sp74  -1.6912 1.0299 -3.4807 -1.6668 -0.0126 0.9998 1092
(Intercept)-sp75   0.3580 0.1095  0.1751  0.3580  0.5368 1.0065 1337
(Intercept)-sp76   0.9842 0.1144  0.7968  0.9844  1.1759 1.0289 1200
(Intercept)-sp77  -1.7817 0.7618 -3.0924 -1.7806 -0.5619 1.0035  998
(Intercept)-sp78  -1.8682 1.0688 -3.8042 -1.7956 -0.2173 1.0131  390
(Intercept)-sp79  -2.6582 0.6272 -3.5864 -2.7091 -1.5345 1.0173  304
(Intercept)-sp80  -2.2143 0.6450 -3.3509 -2.1812 -1.2028 1.0070  490
(Intercept)-sp81  -2.4333 0.2846 -2.8739 -2.4539 -1.9400 1.0373  902
(Intercept)-sp82   0.5903 0.1916  0.2714  0.5902  0.8971 1.0089 1200
(Intercept)-sp83  -0.5067 1.0106 -2.3171 -0.4332  1.0247 1.0015 1349
(Intercept)-sp84  -0.5856 0.1716 -0.8711 -0.5863 -0.2987 1.0057 1399
(Intercept)-sp85   0.8693 0.1460  0.6389  0.8656  1.1146 1.0009 1314
(Intercept)-sp86   0.3463 0.5693 -0.5969  0.3509  1.2625 0.9998 1200
(Intercept)-sp87  -1.4823 1.2862 -3.6280 -1.4338  0.5522 1.0003  727
(Intercept)-sp88  -0.7958 0.5272 -1.6869 -0.7727  0.0456 1.0165 1236
(Intercept)-sp89   0.6432 0.1151  0.4561  0.6407  0.8332 0.9996 1200
(Intercept)-sp90  -2.3918 0.6017 -3.2951 -2.4210 -1.3724 1.0011  713
(Intercept)-sp91  -1.2335 0.5002 -2.0955 -1.2252 -0.4161 1.0012 1097
(Intercept)-sp92  -1.4301 1.2677 -3.4130 -1.4512  0.6684 1.0044 1082
(Intercept)-sp93  -0.0566 0.2810 -0.5466 -0.0449  0.3785 1.0090 1075
(Intercept)-sp94  -0.2897 0.1229 -0.4867 -0.2893 -0.0876 1.0067 1200
(Intercept)-sp95   0.2124 1.0107 -1.3907  0.2203  1.8340 1.0018 1378
(Intercept)-sp96  -0.2279 0.4518 -0.9840 -0.2333  0.5102 1.0007 1200
(Intercept)-sp97  -2.3577 1.0260 -4.1271 -2.2277 -0.7692 1.0094  244
(Intercept)-sp98  -0.8831 0.9195 -2.4375 -0.8524  0.6038 1.0072 1200
(Intercept)-sp99  -1.9487 0.9762 -3.6099 -1.9041 -0.4563 1.0112  758
(Intercept)-sp100 -0.2238 0.1542 -0.4865 -0.2192  0.0284 1.0025 1200
(Intercept)-sp101 -2.4308 0.8660 -3.8835 -2.3516 -1.0517 1.0150  439
(Intercept)-sp102 -0.0747 0.2196 -0.4413 -0.0810  0.2917 0.9998 1200
(Intercept)-sp103 -1.5489 0.5486 -2.5460 -1.5004 -0.7386 1.0109  783
(Intercept)-sp104 -1.3813 0.7168 -2.6266 -1.3521 -0.3127 0.9999 1200
scale(day)-sp1     0.1026 0.1255 -0.1065  0.1016  0.3107 1.0017 1132
scale(day)-sp2     0.1481 0.1864 -0.1566  0.1487  0.4688 1.0051 2082
scale(day)-sp3     0.2722 0.1209  0.0746  0.2709  0.4776 1.0000 1200
scale(day)-sp4     0.1227 0.0935 -0.0327  0.1233  0.2717 1.0032 1200
scale(day)-sp5     0.1463 0.1946 -0.1630  0.1425  0.4623 1.0000 1200
scale(day)-sp6     0.2530 0.1843 -0.0499  0.2557  0.5485 1.0068 1200
scale(day)-sp7     0.2043 0.1010  0.0492  0.2035  0.3725 1.0121 1200
scale(day)-sp8     0.1518 0.1954 -0.1531  0.1541  0.4795 1.0057 1257
scale(day)-sp9     0.2032 0.1915 -0.0997  0.2044  0.5248 1.0031 1200
scale(day)-sp10    0.1967 0.1866 -0.1096  0.1999  0.4964 1.0033 1418
scale(day)-sp11    0.1580 0.1848 -0.1417  0.1575  0.4551 1.0013 1200
scale(day)-sp12    0.0867 0.1257 -0.1127  0.0859  0.2950 1.0000 1200
scale(day)-sp13    0.0642 0.1660 -0.2116  0.0644  0.3327 1.0084 1200
scale(day)-sp14    0.0711 0.0904 -0.0804  0.0703  0.2180 1.0065 1200
scale(day)-sp15    0.1686 0.1431 -0.0650  0.1689  0.3970 1.0020 1200
scale(day)-sp16   -0.0333 0.1140 -0.2174 -0.0344  0.1584 1.0036 1200
scale(day)-sp17    0.3680 0.0978  0.2083  0.3705  0.5268 1.0000 1200
scale(day)-sp18    0.1632 0.1950 -0.1711  0.1741  0.4793 0.9993 1320
scale(day)-sp19    0.0654 0.0953 -0.0872  0.0640  0.2266 1.0000 1200
scale(day)-sp20    0.1712 0.1931 -0.1542  0.1730  0.4783 1.0121 1200
scale(day)-sp21    0.1818 0.1735 -0.0896  0.1838  0.4545 1.0024 1200
scale(day)-sp22    0.1338 0.1802 -0.1772  0.1362  0.4310 0.9997 1200
scale(day)-sp23    0.1548 0.1937 -0.1679  0.1531  0.4663 1.0031 1200
scale(day)-sp24    0.1621 0.1894 -0.1479  0.1606  0.4763 1.0186 1418
scale(day)-sp25    0.1574 0.1840 -0.1466  0.1609  0.4480 1.0119 1200
scale(day)-sp26    0.0535 0.1704 -0.2416  0.0578  0.3191 1.0014 1399
scale(day)-sp27    0.4408 0.1380  0.2159  0.4434  0.6782 1.0004 1200
scale(day)-sp28    0.2093 0.1282  0.0021  0.2082  0.4224 1.0180 1200
scale(day)-sp29    0.1657 0.1951 -0.1567  0.1645  0.4793 1.0055 1200
scale(day)-sp30    0.2249 0.1437 -0.0208  0.2260  0.4537 1.0059 1200
scale(day)-sp31    0.0713 0.1091 -0.1062  0.0673  0.2508 1.0048 1200
scale(day)-sp32    0.1672 0.1905 -0.1527  0.1697  0.4677 1.0028 1200
scale(day)-sp33    0.3879 0.1238  0.1841  0.3868  0.5928 1.0038 1200
scale(day)-sp34    0.2160 0.1767 -0.0718  0.2158  0.5086 0.9997 1200
scale(day)-sp35    0.1235 0.1422 -0.1133  0.1253  0.3525 1.0042 1200
scale(day)-sp36    0.0273 0.1809 -0.2723  0.0317  0.3136 1.0253 1200
scale(day)-sp37    0.3470 0.0957  0.1918  0.3475  0.5072 1.0099 1200
scale(day)-sp38    0.1486 0.1557 -0.0902  0.1421  0.4146 1.0031 1200
scale(day)-sp39    0.0667 0.1789 -0.2254  0.0679  0.3529 1.0131 1460
scale(day)-sp40    0.1259 0.2009 -0.2161  0.1370  0.4346 1.0065 1390
scale(day)-sp41   -0.0711 0.1822 -0.3803 -0.0646  0.2172 1.0021 1200
scale(day)-sp42    0.1596 0.1501 -0.0911  0.1611  0.4052 1.0123 1200
scale(day)-sp43    0.3650 0.1063  0.1947  0.3668  0.5401 1.0237 1200
scale(day)-sp44    0.0412 0.1599 -0.2311  0.0475  0.2928 0.9993 1269
scale(day)-sp45    0.1501 0.1888 -0.1592  0.1541  0.4475 1.0122 1200
scale(day)-sp46    0.0894 0.1810 -0.2060  0.0946  0.3712 1.0060 1200
scale(day)-sp47    0.0881 0.1045 -0.0855  0.0853  0.2626 1.0035 1343
scale(day)-sp48    0.1762 0.1900 -0.1439  0.1805  0.4876 1.0095 1200
scale(day)-sp49    0.1497 0.1137 -0.0379  0.1499  0.3407 1.0043 1200
scale(day)-sp50    0.1501 0.1891 -0.1616  0.1492  0.4525 1.0023 1200
scale(day)-sp51    0.0724 0.1223 -0.1273  0.0758  0.2684 1.0186 1081
scale(day)-sp52    0.1231 0.1939 -0.2085  0.1273  0.4279 1.0012 1200
scale(day)-sp53    0.1121 0.2000 -0.2217  0.1130  0.4461 1.0031 1200
scale(day)-sp54    0.1895 0.1422 -0.0471  0.1929  0.4308 1.0015 1200
scale(day)-sp55    0.0502 0.1457 -0.1931  0.0534  0.2878 1.0010 1081
scale(day)-sp56    0.0684 0.1475 -0.1755  0.0736  0.3016 1.0040 1200
scale(day)-sp57   -0.0599 0.1309 -0.2793 -0.0584  0.1519 1.0004 1200
scale(day)-sp58    0.2065 0.1249  0.0036  0.2070  0.4073 0.9998 1200
scale(day)-sp59    0.0600 0.1795 -0.2429  0.0618  0.3436 1.0006 1200
scale(day)-sp60    0.1254 0.1759 -0.1624  0.1221  0.4244 0.9997 1320
scale(day)-sp61    0.1913 0.1757 -0.1032  0.1926  0.4783 1.0012 1058
scale(day)-sp62    0.1652 0.1615 -0.1113  0.1656  0.4264 1.0008 1200
scale(day)-sp63    0.2742 0.1006  0.1178  0.2740  0.4380 1.0065 1200
scale(day)-sp64    0.2164 0.1220  0.0193  0.2139  0.4198 1.0089 1202
scale(day)-sp65    0.1433 0.1843 -0.1769  0.1446  0.4288 1.0040 1099
scale(day)-sp66    0.0736 0.1641 -0.1989  0.0755  0.3388 1.0013 1200
scale(day)-sp67    0.2455 0.1751 -0.0273  0.2365  0.5457 1.0034 1200
scale(day)-sp68    0.1446 0.1860 -0.1588  0.1438  0.4547 0.9998 1200
scale(day)-sp69    0.1742 0.1271 -0.0212  0.1698  0.3902 1.0192 1178
scale(day)-sp70    0.1572 0.1847 -0.1426  0.1577  0.4694 1.0068 1200
scale(day)-sp71    0.1713 0.1897 -0.1304  0.1684  0.4815 1.0060 1200
scale(day)-sp72    0.1945 0.1314 -0.0133  0.1909  0.4116 1.0099 1200
scale(day)-sp73    0.0809 0.1704 -0.2073  0.0862  0.3465 1.0076  982
scale(day)-sp74    0.1572 0.1919 -0.1669  0.1560  0.4609 1.0033 1200
scale(day)-sp75    0.3016 0.0928  0.1497  0.3019  0.4545 1.0018 1076
scale(day)-sp76    0.0857 0.0983 -0.0751  0.0849  0.2480 1.0040 1200
scale(day)-sp77    0.2426 0.1777 -0.0382  0.2382  0.5293 1.0034 1621
scale(day)-sp78    0.1367 0.1888 -0.1713  0.1336  0.4518 1.0062 1200
scale(day)-sp79    0.0343 0.1661 -0.2536  0.0379  0.2892 1.0045 1200
scale(day)-sp80    0.2849 0.1673  0.0100  0.2829  0.5554 0.9998 1200
scale(day)-sp81    0.3799 0.1376  0.1549  0.3745  0.6124 1.0087 1200
scale(day)-sp82    0.2452 0.1381  0.0135  0.2415  0.4847 1.0099 1200
scale(day)-sp83    0.1200 0.1844 -0.1613  0.1166  0.4346 1.0028 1200
scale(day)-sp84    0.0415 0.1094 -0.1390  0.0374  0.2204 1.0059 1200
scale(day)-sp85    0.1996 0.1178  0.0063  0.1964  0.3898 1.0037 1200
scale(day)-sp86    0.1783 0.1800 -0.1088  0.1796  0.4855 1.0078  797
scale(day)-sp87    0.1517 0.1959 -0.1706  0.1566  0.4628 1.0011 1200
scale(day)-sp88    0.1595 0.1795 -0.1504  0.1611  0.4478 1.0034 1200
scale(day)-sp89    0.3879 0.0954  0.2276  0.3868  0.5399 1.0047 1200
scale(day)-sp90    0.0627 0.1724 -0.2168  0.0682  0.3268 1.0060 1086
scale(day)-sp91    0.2092 0.1625 -0.0487  0.2109  0.4780 1.0104  819
scale(day)-sp92    0.1539 0.1884 -0.1551  0.1546  0.4479 1.0065 1200
scale(day)-sp93    0.2417 0.1610 -0.0220  0.2418  0.5090 1.0137 1200
scale(day)-sp94    0.1494 0.0913  0.0032  0.1469  0.2985 0.9995 1200
scale(day)-sp95    0.2345 0.1965 -0.0846  0.2309  0.5542 1.0043  804
scale(day)-sp96    0.0748 0.1901 -0.2385  0.0796  0.3868 1.0014 1200
scale(day)-sp97    0.1169 0.1791 -0.1688  0.1168  0.4136 1.0033 1200
scale(day)-sp98    0.1113 0.1891 -0.2204  0.1163  0.4170 1.0044 1816
scale(day)-sp99    0.1783 0.1899 -0.1430  0.1819  0.4777 1.0044 1200
scale(day)-sp100   0.1850 0.1067  0.0092  0.1869  0.3497 1.0014 1135
scale(day)-sp101   0.1826 0.1731 -0.1037  0.1919  0.4578 1.0004 1323
scale(day)-sp102   0.1546 0.1392 -0.0806  0.1574  0.3871 1.0011 1200
scale(day)-sp103   0.2122 0.1698 -0.0652  0.2129  0.4822 1.0051 1617
scale(day)-sp104   0.1028 0.1808 -0.2060  0.1112  0.3956 1.0062 1200
                     Mean     SD      5%     50%     95%   Rhat  ESS
(Intercept)-sp1    0.8559 0.1486  0.6149  0.8549  1.1013 1.0140 1200
(Intercept)-sp2   -1.6803 1.0818 -3.5009 -1.6492  0.0485 1.0068  774
(Intercept)-sp3   -0.6461 0.2495 -1.0532 -0.6432 -0.2600 1.0028 1200
(Intercept)-sp4    0.0862 0.1300 -0.1308  0.0850  0.3003 1.0041 1307
(Intercept)-sp5   -1.6517 1.1396 -3.5178 -1.6429  0.1359 1.0027  789
(Intercept)-sp6   -0.9431 0.5637 -1.9225 -0.9007 -0.0985 1.0162 1001
(Intercept)-sp7    0.9972 0.1221  0.8052  0.9940  1.2056 1.0070  860
(Intercept)-sp8   -0.8992 0.8954 -2.4244 -0.8669  0.5005 1.0050 1088
(Intercept)-sp9   -2.1639 0.9527 -3.7814 -2.1360 -0.7161 1.0029  568
(Intercept)-sp10  -1.9618 0.9762 -3.5900 -1.9382 -0.3989 1.0171  801
(Intercept)-sp11  -1.7960 0.9499 -3.3785 -1.7685 -0.3129 1.0121  868
(Intercept)-sp12  -0.7480 0.2115 -1.1161 -0.7515 -0.3826 1.0222  852
(Intercept)-sp13  -1.5847 0.5805 -2.5926 -1.5602 -0.6826 1.0004 1064
(Intercept)-sp14   0.0876 0.1170 -0.1009  0.0842  0.2762 1.0085 1069
(Intercept)-sp15  -1.9464 0.5013 -2.7783 -1.9444 -1.1158 1.0001  789
(Intercept)-sp16  -0.4405 0.1579 -0.6991 -0.4410 -0.1809 1.0029 1200
(Intercept)-sp17  -0.1638 0.1259 -0.3663 -0.1657  0.0431 1.0014 1200
(Intercept)-sp18  -1.7351 1.1585 -3.7351 -1.6907  0.0396 1.0039  470
(Intercept)-sp19   0.5224 0.1208  0.3228  0.5235  0.7179 0.9998 1200
(Intercept)-sp20  -1.4380 1.3105 -3.6129 -1.3998  0.6692 0.9996 1015
(Intercept)-sp21  -1.1079 0.4613 -1.9050 -1.0910 -0.3984 1.0005 1200
(Intercept)-sp22  -1.8850 0.7095 -3.0672 -1.8703 -0.7515 1.0048 1200
(Intercept)-sp23  -1.4420 1.2908 -3.5043 -1.4417  0.6898 1.0005 1029
(Intercept)-sp24  -1.8539 0.9767 -3.5751 -1.7831 -0.4137 1.0051  640
(Intercept)-sp25  -1.1766 0.6926 -2.3417 -1.1348 -0.1415 1.0092 1066
(Intercept)-sp26  -2.5041 0.6795 -3.6185 -2.5154 -1.3964 1.0789  347
(Intercept)-sp27  -1.0045 0.2272 -1.3624 -1.0029 -0.6522 1.0143 1095
(Intercept)-sp28  -0.8075 0.2222 -1.1724 -0.8065 -0.4651 1.0153 1200
(Intercept)-sp29  -1.3859 1.2721 -3.4400 -1.4326  0.6526 1.0028  992
(Intercept)-sp30  -0.9369 0.3519 -1.5288 -0.9265 -0.3810 1.0080 1015
(Intercept)-sp31  -0.9411 0.2192 -1.3064 -0.9394 -0.5902 1.0046 1069
(Intercept)-sp32  -1.8339 1.1710 -3.7678 -1.8234  0.0091 1.0105  575
(Intercept)-sp33  -1.2356 0.2438 -1.6245 -1.2323 -0.8316 0.9990 1200
(Intercept)-sp34  -1.1689 0.6426 -2.2748 -1.1361 -0.1671 1.0025 1028
(Intercept)-sp35   0.0690 0.2104 -0.2804  0.0724  0.4176 1.0136  974
(Intercept)-sp36  -0.9067 0.3953 -1.5798 -0.8906 -0.2776 1.0088 1200
(Intercept)-sp37  -0.0506 0.1334 -0.2719 -0.0490  0.1754 0.9992 1200
(Intercept)-sp38  -1.4470 0.4047 -2.1611 -1.4296 -0.8111 1.0035  870
(Intercept)-sp39  -0.4259 0.5170 -1.2988 -0.4235  0.4035 1.0038 1381
(Intercept)-sp40  -0.8028 0.9109 -2.4080 -0.7894  0.6056 1.0128 1200
(Intercept)-sp41  -1.1770 0.4620 -1.9783 -1.1562 -0.4594 1.0172  885
(Intercept)-sp42  -0.5106 0.2612 -0.9637 -0.4902 -0.1007 0.9999 1200
(Intercept)-sp43   1.0331 0.1223  0.8365  1.0250  1.2446 1.0424 1200
(Intercept)-sp44  -0.5281 0.3421 -1.0996 -0.5265  0.0190 1.0038 1200
(Intercept)-sp45   0.7412 0.3972  0.0827  0.7342  1.3746 1.0017 2673
(Intercept)-sp46  -1.8095 0.7331 -3.0903 -1.7371 -0.7061 1.0045  629
(Intercept)-sp47  -1.0946 0.1917 -1.3915 -1.0999 -0.7678 1.0035  968
(Intercept)-sp48  -1.8320 1.0549 -3.6791 -1.7836 -0.1941 1.0036  841
(Intercept)-sp49   0.1453 0.1616 -0.1213  0.1419  0.4144 1.0039 1318
(Intercept)-sp50  -1.5930 1.1909 -3.7374 -1.5151  0.2088 1.0243  703
(Intercept)-sp51  -1.8215 0.2668 -2.2324 -1.8303 -1.3771 1.0337  844
(Intercept)-sp52  -0.4965 0.9868 -2.1596 -0.4534  1.0347 1.0028 1200
(Intercept)-sp53   0.4861 0.8077 -0.9335  0.5282  1.7616 1.0040 1200
(Intercept)-sp54  -1.7819 0.4350 -2.4739 -1.7881 -1.0826 1.0046  792
(Intercept)-sp55  -0.2879 0.2938 -0.7804 -0.2866  0.1639 1.0007 1200
(Intercept)-sp56   0.1743 0.1990 -0.1571  0.1791  0.5033 1.0090 1200
(Intercept)-sp57   0.4696 0.1582  0.2166  0.4669  0.7288 1.0013 1266
(Intercept)-sp58   0.0818 0.1708 -0.1990  0.0756  0.3729 1.0052 1200
(Intercept)-sp59  -1.0453 0.6136 -2.1049 -1.0078 -0.1194 0.9999 1200
(Intercept)-sp60  -0.9400 0.5136 -1.7880 -0.9096 -0.1809 1.0013 1011
(Intercept)-sp61  -1.7359 0.7859 -3.1162 -1.6909 -0.5348 1.0031  814
(Intercept)-sp62  -1.3730 0.3681 -1.9661 -1.3741 -0.7663 1.0053 1200
(Intercept)-sp63   0.8344 0.1191  0.6361  0.8311  1.0377 1.0017 1200
(Intercept)-sp64  -1.6065 0.3053 -2.0942 -1.6071 -1.0890 1.0042  910
(Intercept)-sp65  -1.6832 1.1421 -3.5748 -1.6343  0.0412 1.0323  488
(Intercept)-sp66  -1.5844 0.6047 -2.5867 -1.5544 -0.6355 1.0101 1000
(Intercept)-sp67  -1.0778 0.4220 -1.7999 -1.0781 -0.3794 1.0020 1604
(Intercept)-sp68  -0.2175 0.4368 -0.9343 -0.2156  0.4676 1.0148 1200
(Intercept)-sp69  -1.7939 0.2926 -2.2343 -1.8102 -1.2863 1.0082  641
(Intercept)-sp70  -1.6809 1.0879 -3.5577 -1.6493 -0.0449 1.0167  723
(Intercept)-sp71  -1.4131 1.3189 -3.5764 -1.3748  0.7412 1.0129 1021
(Intercept)-sp72  -1.2820 0.3193 -1.8427 -1.2700 -0.7788 1.0029  831
(Intercept)-sp73  -0.8425 0.5527 -1.8149 -0.8117  0.0483 1.0151 1053
(Intercept)-sp74  -1.6912 1.0299 -3.4807 -1.6668 -0.0126 0.9998 1092
(Intercept)-sp75   0.3580 0.1095  0.1751  0.3580  0.5368 1.0065 1337
(Intercept)-sp76   0.9842 0.1144  0.7968  0.9844  1.1759 1.0289 1200
(Intercept)-sp77  -1.7817 0.7618 -3.0924 -1.7806 -0.5619 1.0035  998
(Intercept)-sp78  -1.8682 1.0688 -3.8042 -1.7956 -0.2173 1.0131  390
(Intercept)-sp79  -2.6582 0.6272 -3.5864 -2.7091 -1.5345 1.0173  304
(Intercept)-sp80  -2.2143 0.6450 -3.3509 -2.1812 -1.2028 1.0070  490
(Intercept)-sp81  -2.4333 0.2846 -2.8739 -2.4539 -1.9400 1.0373  902
(Intercept)-sp82   0.5903 0.1916  0.2714  0.5902  0.8971 1.0089 1200
(Intercept)-sp83  -0.5067 1.0106 -2.3171 -0.4332  1.0247 1.0015 1349
(Intercept)-sp84  -0.5856 0.1716 -0.8711 -0.5863 -0.2987 1.0057 1399
(Intercept)-sp85   0.8693 0.1460  0.6389  0.8656  1.1146 1.0009 1314
(Intercept)-sp86   0.3463 0.5693 -0.5969  0.3509  1.2625 0.9998 1200
(Intercept)-sp87  -1.4823 1.2862 -3.6280 -1.4338  0.5522 1.0003  727
(Intercept)-sp88  -0.7958 0.5272 -1.6869 -0.7727  0.0456 1.0165 1236
(Intercept)-sp89   0.6432 0.1151  0.4561  0.6407  0.8332 0.9996 1200
(Intercept)-sp90  -2.3918 0.6017 -3.2951 -2.4210 -1.3724 1.0011  713
(Intercept)-sp91  -1.2335 0.5002 -2.0955 -1.2252 -0.4161 1.0012 1097
(Intercept)-sp92  -1.4301 1.2677 -3.4130 -1.4512  0.6684 1.0044 1082
(Intercept)-sp93  -0.0566 0.2810 -0.5466 -0.0449  0.3785 1.0090 1075
(Intercept)-sp94  -0.2897 0.1229 -0.4867 -0.2893 -0.0876 1.0067 1200
(Intercept)-sp95   0.2124 1.0107 -1.3907  0.2203  1.8340 1.0018 1378
(Intercept)-sp96  -0.2279 0.4518 -0.9840 -0.2333  0.5102 1.0007 1200
(Intercept)-sp97  -2.3577 1.0260 -4.1271 -2.2277 -0.7692 1.0094  244
(Intercept)-sp98  -0.8831 0.9195 -2.4375 -0.8524  0.6038 1.0072 1200
(Intercept)-sp99  -1.9487 0.9762 -3.6099 -1.9041 -0.4563 1.0112  758
(Intercept)-sp100 -0.2238 0.1542 -0.4865 -0.2192  0.0284 1.0025 1200
(Intercept)-sp101 -2.4308 0.8660 -3.8835 -2.3516 -1.0517 1.0150  439
(Intercept)-sp102 -0.0747 0.2196 -0.4413 -0.0810  0.2917 0.9998 1200
(Intercept)-sp103 -1.5489 0.5486 -2.5460 -1.5004 -0.7386 1.0109  783
(Intercept)-sp104 -1.3813 0.7168 -2.6266 -1.3521 -0.3127 0.9999 1200
scale(day)-sp1     0.1026 0.1255 -0.1065  0.1016  0.3107 1.0017 1132
scale(day)-sp2     0.1481 0.1864 -0.1566  0.1487  0.4688 1.0051 2082
scale(day)-sp3     0.2722 0.1209  0.0746  0.2709  0.4776 1.0000 1200
scale(day)-sp4     0.1227 0.0935 -0.0327  0.1233  0.2717 1.0032 1200
scale(day)-sp5     0.1463 0.1946 -0.1630  0.1425  0.4623 1.0000 1200
scale(day)-sp6     0.2530 0.1843 -0.0499  0.2557  0.5485 1.0068 1200
scale(day)-sp7     0.2043 0.1010  0.0492  0.2035  0.3725 1.0121 1200
scale(day)-sp8     0.1518 0.1954 -0.1531  0.1541  0.4795 1.0057 1257
scale(day)-sp9     0.2032 0.1915 -0.0997  0.2044  0.5248 1.0031 1200
scale(day)-sp10    0.1967 0.1866 -0.1096  0.1999  0.4964 1.0033 1418
scale(day)-sp11    0.1580 0.1848 -0.1417  0.1575  0.4551 1.0013 1200
scale(day)-sp12    0.0867 0.1257 -0.1127  0.0859  0.2950 1.0000 1200
scale(day)-sp13    0.0642 0.1660 -0.2116  0.0644  0.3327 1.0084 1200
scale(day)-sp14    0.0711 0.0904 -0.0804  0.0703  0.2180 1.0065 1200
scale(day)-sp15    0.1686 0.1431 -0.0650  0.1689  0.3970 1.0020 1200
scale(day)-sp16   -0.0333 0.1140 -0.2174 -0.0344  0.1584 1.0036 1200
scale(day)-sp17    0.3680 0.0978  0.2083  0.3705  0.5268 1.0000 1200
scale(day)-sp18    0.1632 0.1950 -0.1711  0.1741  0.4793 0.9993 1320
scale(day)-sp19    0.0654 0.0953 -0.0872  0.0640  0.2266 1.0000 1200
scale(day)-sp20    0.1712 0.1931 -0.1542  0.1730  0.4783 1.0121 1200
scale(day)-sp21    0.1818 0.1735 -0.0896  0.1838  0.4545 1.0024 1200
scale(day)-sp22    0.1338 0.1802 -0.1772  0.1362  0.4310 0.9997 1200
scale(day)-sp23    0.1548 0.1937 -0.1679  0.1531  0.4663 1.0031 1200
scale(day)-sp24    0.1621 0.1894 -0.1479  0.1606  0.4763 1.0186 1418
scale(day)-sp25    0.1574 0.1840 -0.1466  0.1609  0.4480 1.0119 1200
scale(day)-sp26    0.0535 0.1704 -0.2416  0.0578  0.3191 1.0014 1399
scale(day)-sp27    0.4408 0.1380  0.2159  0.4434  0.6782 1.0004 1200
scale(day)-sp28    0.2093 0.1282  0.0021  0.2082  0.4224 1.0180 1200
scale(day)-sp29    0.1657 0.1951 -0.1567  0.1645  0.4793 1.0055 1200
scale(day)-sp30    0.2249 0.1437 -0.0208  0.2260  0.4537 1.0059 1200
scale(day)-sp31    0.0713 0.1091 -0.1062  0.0673  0.2508 1.0048 1200
scale(day)-sp32    0.1672 0.1905 -0.1527  0.1697  0.4677 1.0028 1200
scale(day)-sp33    0.3879 0.1238  0.1841  0.3868  0.5928 1.0038 1200
scale(day)-sp34    0.2160 0.1767 -0.0718  0.2158  0.5086 0.9997 1200
scale(day)-sp35    0.1235 0.1422 -0.1133  0.1253  0.3525 1.0042 1200
scale(day)-sp36    0.0273 0.1809 -0.2723  0.0317  0.3136 1.0253 1200
scale(day)-sp37    0.3470 0.0957  0.1918  0.3475  0.5072 1.0099 1200
scale(day)-sp38    0.1486 0.1557 -0.0902  0.1421  0.4146 1.0031 1200
scale(day)-sp39    0.0667 0.1789 -0.2254  0.0679  0.3529 1.0131 1460
scale(day)-sp40    0.1259 0.2009 -0.2161  0.1370  0.4346 1.0065 1390
scale(day)-sp41   -0.0711 0.1822 -0.3803 -0.0646  0.2172 1.0021 1200
scale(day)-sp42    0.1596 0.1501 -0.0911  0.1611  0.4052 1.0123 1200
scale(day)-sp43    0.3650 0.1063  0.1947  0.3668  0.5401 1.0237 1200
scale(day)-sp44    0.0412 0.1599 -0.2311  0.0475  0.2928 0.9993 1269
scale(day)-sp45    0.1501 0.1888 -0.1592  0.1541  0.4475 1.0122 1200
scale(day)-sp46    0.0894 0.1810 -0.2060  0.0946  0.3712 1.0060 1200
scale(day)-sp47    0.0881 0.1045 -0.0855  0.0853  0.2626 1.0035 1343
scale(day)-sp48    0.1762 0.1900 -0.1439  0.1805  0.4876 1.0095 1200
scale(day)-sp49    0.1497 0.1137 -0.0379  0.1499  0.3407 1.0043 1200
scale(day)-sp50    0.1501 0.1891 -0.1616  0.1492  0.4525 1.0023 1200
scale(day)-sp51    0.0724 0.1223 -0.1273  0.0758  0.2684 1.0186 1081
scale(day)-sp52    0.1231 0.1939 -0.2085  0.1273  0.4279 1.0012 1200
scale(day)-sp53    0.1121 0.2000 -0.2217  0.1130  0.4461 1.0031 1200
scale(day)-sp54    0.1895 0.1422 -0.0471  0.1929  0.4308 1.0015 1200
scale(day)-sp55    0.0502 0.1457 -0.1931  0.0534  0.2878 1.0010 1081
scale(day)-sp56    0.0684 0.1475 -0.1755  0.0736  0.3016 1.0040 1200
scale(day)-sp57   -0.0599 0.1309 -0.2793 -0.0584  0.1519 1.0004 1200
scale(day)-sp58    0.2065 0.1249  0.0036  0.2070  0.4073 0.9998 1200
scale(day)-sp59    0.0600 0.1795 -0.2429  0.0618  0.3436 1.0006 1200
scale(day)-sp60    0.1254 0.1759 -0.1624  0.1221  0.4244 0.9997 1320
scale(day)-sp61    0.1913 0.1757 -0.1032  0.1926  0.4783 1.0012 1058
scale(day)-sp62    0.1652 0.1615 -0.1113  0.1656  0.4264 1.0008 1200
scale(day)-sp63    0.2742 0.1006  0.1178  0.2740  0.4380 1.0065 1200
scale(day)-sp64    0.2164 0.1220  0.0193  0.2139  0.4198 1.0089 1202
scale(day)-sp65    0.1433 0.1843 -0.1769  0.1446  0.4288 1.0040 1099
scale(day)-sp66    0.0736 0.1641 -0.1989  0.0755  0.3388 1.0013 1200
scale(day)-sp67    0.2455 0.1751 -0.0273  0.2365  0.5457 1.0034 1200
scale(day)-sp68    0.1446 0.1860 -0.1588  0.1438  0.4547 0.9998 1200
scale(day)-sp69    0.1742 0.1271 -0.0212  0.1698  0.3902 1.0192 1178
scale(day)-sp70    0.1572 0.1847 -0.1426  0.1577  0.4694 1.0068 1200
scale(day)-sp71    0.1713 0.1897 -0.1304  0.1684  0.4815 1.0060 1200
scale(day)-sp72    0.1945 0.1314 -0.0133  0.1909  0.4116 1.0099 1200
scale(day)-sp73    0.0809 0.1704 -0.2073  0.0862  0.3465 1.0076  982
scale(day)-sp74    0.1572 0.1919 -0.1669  0.1560  0.4609 1.0033 1200
scale(day)-sp75    0.3016 0.0928  0.1497  0.3019  0.4545 1.0018 1076
scale(day)-sp76    0.0857 0.0983 -0.0751  0.0849  0.2480 1.0040 1200
scale(day)-sp77    0.2426 0.1777 -0.0382  0.2382  0.5293 1.0034 1621
scale(day)-sp78    0.1367 0.1888 -0.1713  0.1336  0.4518 1.0062 1200
scale(day)-sp79    0.0343 0.1661 -0.2536  0.0379  0.2892 1.0045 1200
scale(day)-sp80    0.2849 0.1673  0.0100  0.2829  0.5554 0.9998 1200
scale(day)-sp81    0.3799 0.1376  0.1549  0.3745  0.6124 1.0087 1200
scale(day)-sp82    0.2452 0.1381  0.0135  0.2415  0.4847 1.0099 1200
scale(day)-sp83    0.1200 0.1844 -0.1613  0.1166  0.4346 1.0028 1200
scale(day)-sp84    0.0415 0.1094 -0.1390  0.0374  0.2204 1.0059 1200
scale(day)-sp85    0.1996 0.1178  0.0063  0.1964  0.3898 1.0037 1200
scale(day)-sp86    0.1783 0.1800 -0.1088  0.1796  0.4855 1.0078  797
scale(day)-sp87    0.1517 0.1959 -0.1706  0.1566  0.4628 1.0011 1200
scale(day)-sp88    0.1595 0.1795 -0.1504  0.1611  0.4478 1.0034 1200
scale(day)-sp89    0.3879 0.0954  0.2276  0.3868  0.5399 1.0047 1200
scale(day)-sp90    0.0627 0.1724 -0.2168  0.0682  0.3268 1.0060 1086
scale(day)-sp91    0.2092 0.1625 -0.0487  0.2109  0.4780 1.0104  819
scale(day)-sp92    0.1539 0.1884 -0.1551  0.1546  0.4479 1.0065 1200
scale(day)-sp93    0.2417 0.1610 -0.0220  0.2418  0.5090 1.0137 1200
scale(day)-sp94    0.1494 0.0913  0.0032  0.1469  0.2985 0.9995 1200
scale(day)-sp95    0.2345 0.1965 -0.0846  0.2309  0.5542 1.0043  804
scale(day)-sp96    0.0748 0.1901 -0.2385  0.0796  0.3868 1.0014 1200
scale(day)-sp97    0.1169 0.1791 -0.1688  0.1168  0.4136 1.0033 1200
scale(day)-sp98    0.1113 0.1891 -0.2204  0.1163  0.4170 1.0044 1816
scale(day)-sp99    0.1783 0.1899 -0.1430  0.1819  0.4777 1.0044 1200
scale(day)-sp100   0.1850 0.1067  0.0092  0.1869  0.3497 1.0014 1135
scale(day)-sp101   0.1826 0.1731 -0.1037  0.1919  0.4578 1.0004 1323
scale(day)-sp102   0.1546 0.1392 -0.0806  0.1574  0.3871 1.0011 1200
scale(day)-sp103   0.2122 0.1698 -0.0652  0.2129  0.4822 1.0051 1617
scale(day)-sp104   0.1028 0.1808 -0.2060  0.1112  0.3956 1.0062 1200
